episode,length,time,reward,delta
0,13.0,0.0009770393371582031,0.0,-0.0003227677077626027
1,34.0,0.0019540786743164062,0.0,-0.0005004881159147137
2,35.0,0.0019545555114746094,0.0,-2.2834541309816637e-05
3,41.0,0.001954317092895508,0.0,0.0004485480829970621
4,31.0,0.001955270767211914,0.0,-0.00024623816336935436
5,8.0,0.0,0.0,-0.00021031373086838475
6,17.0,0.0009675025939941406,0.0,-8.81743429691765e-06
7,17.0,0.0009775161743164062,0.0,0.00014739772616798155
8,11.0,0.0009772777557373047,0.0,1.4739772616798172e-05
9,40.0,0.0019540786743164062,0.0,0.00033829806628925133
10,27.0,0.0019545555114746094,0.0,0.0002038486036599134
11,42.0,0.001954317092895508,0.0,9.084011890684408e-05
12,15.0,0.0009770393371582031,0.0,-2.1031373086838464e-05
13,41.0,0.001954317092895508,0.0,-2.4623816336935426e-05
14,12.0,0.0009768009185791016,0.0,-2.4623816336935642e-06
15,18.0,0.0,0.0,0.00022580312316418047
16,42.0,0.0019540786743164062,0.0,0.00024379860687496598
17,15.0,0.0009779930114746094,0.0,-2.1031373086838356e-06
18,7.0,0.0,0.0,-2.1031373086837814e-07
19,95.0,0.004885435104370117,0.0,-2.1031373086859498e-08
20,10.0,0.0,0.0,2.258031231641808e-05
21,46.0,0.002932310104370117,0.0,0.00034413467933498243
22,39.0,0.0019538402557373047,0.0,0.0002378964368095564
23,10.0,0.0,0.0,0.00018861465515177144
24,74.0,0.002931356430053711,0.0,0.00013264291559569776
25,15.0,0.0,0.0,1.886146551517714e-05
26,15.0,0.0009770393371582031,0.0,0.0003607717809480422
27,45.0,0.0019545555114746094,0.0,-0.00013654859846012554
28,9.0,0.0,0.0,0.0002358279609618649
29,34.0,0.0009765625,0.0,2.3582796096186496e-05
30,16.0,0.0,0.0,-0.00014815389063879794
31,9.0,0.0,0.0,3.607717809480423e-05
32,11.0,0.0,0.0,2.358279609618655e-06
33,4.0,0.0,0.0,0.0002372796571845089
34,19.0,0.0009770393371582031,0.0,0.00030223866894003756
35,14.0,0.0009768009185791016,0.0,0.00023432551984159316
36,27.0,0.0019545555114746094,0.0,0.00021330761651105207
37,12.0,0.0009770393371582031,0.0,0.00027484329589588666
38,17.0,0.0009772777557373047,0.0,0.00021367123414610587
39,14.0,0.0009768009185791016,0.0,2.3727965718450925e-05
40,21.0,0.0009772777557373047,0.0,2.7484329589588677e-05
41,9.0,0.0009775161743164062,0.0,-1.48153890638798e-05
42,8.0,0.0,0.0,0.00028600566955747433
43,26.0,0.0009770393371582031,0.0,3.441346793349822e-05
44,33.0,0.0009775161743164062,0.0,3.4413467933498113e-06
45,46.0,0.0019540786743164062,0.0,-0.0005477342435687968
46,11.0,0.0009772777557373047,0.0,3.4413467933500823e-07
47,36.0,0.0019545555114746094,0.0,3.6077178094804556e-06
48,16.0,0.0,0.0,-1.4815389063880017e-06
49,24.0,0.0009770393371582031,0.0,-0.00041299392484765246
50,8.0,0.0009770393371582031,0.0,3.6077178094809977e-07
51,6.0,0.0009777545928955078,0.0,0.00024584802970239734
52,13.0,0.0009760856628417969,0.0,4.267932944441408e-05
53,11.0,0.0009777545928955078,0.0,-4.72241146833969e-05
54,22.0,0.0009765625,0.0,-3.6963444350112307e-05
55,17.0,0.0009768009185791016,0.0,-3.696344435011247e-06
56,22.0,0.0009779930114746094,0.0,0.00024122261716549701
57,15.0,0.0,0.0,2.41222617165497e-05
58,8.0,0.0,0.0,2.4122261716549485e-06
59,60.0,0.002931356430053711,0.0,-3.6963444350110843e-07
60,23.0,0.0009772777557373047,0.0,0.0004144729669207514
61,22.0,0.0009770393371582031,0.0,-0.00013617697516439276
62,29.0,0.001954793930053711,0.0,-1.361769751643925e-05
63,34.0,0.001954317092895508,0.0,0.0003355513841047
64,72.0,0.0039081573486328125,0.0,0.00031286858570522347
65,6.0,0.0,0.0,0.0003342060976270346
66,25.0,0.0009768009185791016,0.0,0.00031938241152292994
67,17.0,0.0009775161743164062,0.0,0.00040495977386152237
68,12.0,0.0005114078521728516,0.0,4.1194413850203604e-05
69,26.0,0.0019457340240478516,0.0,0.0003036571075281729
70,16.0,0.0009779930114746094,0.0,3.128685857052235e-05
71,20.0,0.0009763240814208984,0.0,3.128685857052224e-06
72,14.0,0.0009763240814208984,0.0,0.00023549679268519818
73,24.0,0.0009772777557373047,0.0,3.1286858570523865e-07
74,12.0,0.0,0.0,0.0002495221005319649
75,59.0,0.001954317092895508,0.0,0.0003288509113809742
76,16.0,0.0009772777557373047,0.0,3.2885091138097416e-05
77,67.0,0.0029311180114746094,0.0,-5.4773424356879645e-05
78,57.0,0.0029315948486328125,0.0,-5.477342435687975e-06
79,63.0,0.0029306411743164062,0.0,-1.361769751643952e-06
80,16.0,0.0,0.0,0.0001774880948813035
81,18.0,0.0009772777557373047,0.0,0.0003441296641921075
82,20.0,0.0009770393371582031,0.0,0.0002021807091512399
83,8.0,0.0,0.0,-3.252176936964122e-05
84,34.0,0.0019545555114746094,0.0,0.000237294801363757
85,13.0,0.0,0.0,1.774880948813033e-05
86,16.0,0.0009765625,0.0,-4.7224114683397335e-06
87,10.0,0.0,0.0,0.00034902979784626437
88,21.0,0.0009772777557373047,0.0,0.000396038682348678
89,32.0,0.001953601837158203,0.0,0.00017708073382346492
90,104.0,0.0048863887786865234,0.0,-3.776610432880135e-05
91,68.0,0.002931833267211914,0.0,0.0002822142056285287
92,11.0,0.0,0.0,0.00025573203786970325
93,23.0,0.0009775161743164062,0.0,0.00023127580830587747
94,28.0,0.0019540786743164062,0.0,2.312758083058774e-05
95,27.0,0.0009768009185791016,0.0,0.00022770959291368526
96,15.0,0.0009775161743164062,0.0,-3.252176936964133e-06
97,17.0,0.0009770393371582031,0.0,0.00031463776947641595
98,22.0,0.0009775161743164062,0.0,0.0003298141124660349
99,11.0,0.0,0.0,3.960386823486777e-05
100,11.0,0.0,0.0,7.359334389262087e-05
101,22.0,0.0009772777557373047,0.0,-0.00017584939090765488
102,6.0,0.0009775161743164062,0.0,0.0003104820405043333
103,8.0,0.0009768009185791016,0.0,0.000480661343850792
104,16.0,0.0009772777557373047,0.0,3.960386823486772e-06
105,23.0,0.0009772777557373047,0.0,0.00034548961608707945
106,15.0,0.0009770393371582031,0.0,-1.758493909076545e-05
107,14.0,0.0009777545928955078,0.0,7.35933438926207e-06
108,39.0,0.0019533634185791016,0.0,3.355513841047004e-05
109,4.0,0.0009775161743164062,0.0,0.00032861162377040715
110,11.0,0.0009784698486328125,0.0,0.00017586577794739133
111,19.0,0.0009768009185791016,0.0,4.8183083458785275e-05
112,8.0,0.0,0.0,0.00035554352364989324
113,29.0,0.001954317092895508,0.0,8.037427391815533e-05
114,26.0,0.0019538402557373047,0.0,3.5554352364989324e-05
115,21.0,0.0009770393371582031,0.0,7.359334389262233e-07
116,15.0,0.0009772777557373047,0.0,0.0003481284478998828
117,13.0,0.0,0.0,0.0002260669658422777
118,30.0,0.0009772777557373047,0.0,0.00033096924209557766
119,30.0,0.0009768009185791016,0.0,3.305640575234595e-05
120,11.0,0.0,0.0,7.35933438926386e-08
121,29.0,0.0009775161743164062,0.0,0.00017228745112323878
122,51.0,0.002930879592895508,0.0,6.021161758111392e-05
123,4.0,0.0009779930114746094,0.0,3.309692420955777e-05
124,16.0,0.0009770393371582031,0.0,3.124187370034129e-05
125,10.0,0.0009763240814208984,0.0,0.0003468099724760642
126,17.0,0.0,0.0,0.0001770240289499006
127,6.0,0.0,0.0,3.3096924209557554e-06
128,14.0,0.0,0.0,0.0003494412561271216
129,24.0,0.0009765625,0.0,0.0003082433004824458
130,13.0,0.0009777545928955078,0.0,0.0004407977108183814
131,13.0,0.0,0.0,1.7702402894990076e-05
132,10.0,0.0,0.0,1.7702402894990239e-06
133,12.0,0.0,0.0,3.494412561271215e-05
134,10.0,0.0,0.0,0.00019557024205089474
135,12.0,0.0,0.0,0.00020321355268824624
136,34.0,0.0009772777557373047,0.0,4.407977108183812e-05
137,24.0,0.0009765625,0.0,1.7702402894991323e-07
138,10.0,0.0009770393371582031,0.0,0.00025544166995607393
139,11.0,0.0009772777557373047,0.0,2.5544166995607404e-05
140,14.0,0.0009775161743164062,0.0,0.0002004849921641922
141,15.0,0.0,0.0,0.00028496490655143875
142,53.0,0.001955270767211914,0.0,7.283781062806914e-05
143,27.0,0.0009770393371582031,0.0,5.496734090430051e-05
144,12.0,0.0,0.0,0.00017764197425936288
145,11.0,0.0,0.0,0.00021437070528409628
146,33.0,0.0009772777557373047,0.0,0.00014421079265047968
147,18.0,0.0009775161743164062,0.0,4.2352630355175125e-05
148,19.0,0.0009768009185791016,0.0,0.00018505646291972828
149,15.0,0.0009768009185791016,0.0,1.8505646291972833e-05
150,20.0,0.0009768009185791016,0.0,0.00017182003852799955
151,14.0,0.0009772777557373047,0.0,0.00024040170475276998
152,8.0,0.0009772777557373047,0.0,1.718200385279994e-05
153,73.0,0.003908395767211914,0.0,0.00011047523866274914
154,33.0,0.001954317092895508,0.0,0.00030463029856426594
155,10.0,0.0009775161743164062,0.0,0.0003333770797658997
156,8.0,0.0009768009185791016,0.0,3.0463029856426572e-05
157,17.0,0.0009768009185791016,0.0,0.0003097531119903949
158,24.0,0.0009772777557373047,0.0,0.00025929814158882447
159,16.0,0.0009768009185791016,0.0,2.5929814158882458e-05
160,12.0,0.0009770393371582031,0.0,0.00041389040018720714
161,9.0,0.0009777545928955078,0.0,2.592981415888273e-06
162,6.0,0.0,0.0,0.0002143744892323368
163,22.0,0.0009777545928955078,0.0,0.000352722154223927
164,40.0,0.0019540786743164062,0.0,0.00020845697630416098
165,62.0,0.0029304027557373047,0.0,-0.00024278049983072662
166,38.0,0.0019555091857910156,0.0,0.00036390527255315017
167,43.0,0.002930879592895508,0.0,8.520406598594882e-05
168,24.0,0.0009770393371582031,0.0,8.037427391815533e-06
169,18.0,0.0009779930114746094,0.0,0.00023777900409347014
170,25.0,0.0009763240814208984,0.0,0.00020819005545165355
171,16.0,0.0009772777557373047,0.0,2.3777900409347017e-05
172,49.0,0.0019540786743164062,0.0,2.3777900409347125e-06
173,61.0,0.002931356430053711,0.0,0.0002238089227656093
174,10.0,0.0009768009185791016,0.0,0.00021499226538335134
175,25.0,0.0019540786743164062,0.0,8.037427391815316e-07
176,21.0,0.0009772777557373047,0.0,0.00025593177148606507
177,11.0,0.0,0.0,2.1499226538335093e-05
178,6.0,0.0,0.0,4.235263035517523e-06
179,19.0,0.0009772777557373047,0.0,0.000189166834368924
180,33.0,0.0009770393371582031,0.0,1.8916683436892372e-05
181,18.0,0.0009768009185791016,0.0,1.8916683436892155e-06
182,13.0,0.0009770393371582031,0.0,0.00035597470257286567
183,21.0,0.0009779930114746094,0.0,0.00030418094561467134
184,24.0,0.000978231430053711,0.0,0.00028698723131962957
185,12.0,0.0009765625,0.0,4.6956862985779424e-05
186,11.0,0.0009772777557373047,0.0,0.0002596512651762859
187,31.0,0.0019540786743164062,0.0,0.00033706692709449234
188,19.0,0.0009772777557373047,0.0,0.0003760674535434899
189,7.0,0.0,0.0,0.000414463800356892
190,12.0,0.0,0.0,0.00046267973023344253
191,7.0,0.0,0.0,0.0002141852421698979
192,35.0,0.0019540786743164062,0.0,0.0003669755133042645
193,22.0,0.0009770393371582031,0.0,0.0003252960427952631
194,24.0,0.0009772777557373047,0.0,0.00032153842424961944
195,36.0,0.001954317092895508,1.0,1.000554723337389
196,34.0,0.001954317092895508,0.0,0.00035730269911069847
197,13.0,0.0009770393371582031,0.0,0.00023181301384217885
198,18.0,0.0009777545928955078,0.0,3.5730269911069825e-05
199,18.0,0.0009768009185791016,0.0,2.318130138421787e-05
200,32.0,0.0019545555114746094,0.0,3.5730269911069825e-06
201,50.0,0.0019540786743164062,0.0,0.0003358350469888163
202,19.0,0.0009772777557373047,0.0,4.62679730233442e-05
203,17.0,0.0009768009185791016,0.0,0.0003466005994928463
204,17.0,0.0,0.0,3.466005994928463e-05
205,20.0,0.0009765625,0.0,0.00031011292436786966
206,12.0,0.0009770393371582031,0.0,0.00030991483188326583
207,31.0,0.0019540786743164062,0.0,0.0003084249995271291
208,8.0,0.0009768009185791016,0.0,0.00042314465974481767
209,33.0,0.001954793930053711,0.0,4.231446597448177e-05
210,28.0,0.0019540786743164062,0.0,0.00014744287952937204
211,29.0,0.0019545555114746094,0.0,0.0002960604994640891
212,15.0,0.0009770393371582031,0.0,0.00034883554806680085
213,25.0,0.0009770393371582031,0.0,0.00028772106746328133
214,32.0,0.0009768009185791016,0.0,0.00042569266613784457
215,22.0,0.0009768009185791016,0.0,0.00032589319179454596
216,15.0,0.0009775161743164062,0.0,2.960604994640888e-05
217,34.0,0.0009777545928955078,0.0,0.00032267491003407333
218,8.0,0.0,0.0,2.9606049946409043e-06
219,16.0,0.0,0.0,4.231446597448198e-06
220,12.0,0.0,0.0,0.00017792033235593198
221,18.0,0.0009770393371582031,0.0,0.00031558644356460174
222,14.0,0.0009770393371582031,0.0,-0.00015983223862087468
223,16.0,0.0009772777557373047,0.0,3.155864435646017e-05
224,13.0,0.0,0.0,0.000354780799779274
225,22.0,0.0009768009185791016,0.0,2.8772106746328074e-05
226,21.0,0.0009777545928955078,0.0,0.00025173351705442355
227,48.0,0.0019545555114746094,0.0,3.9993338374635055e-05
228,11.0,0.0,0.0,8.037427391813148e-08
229,8.0,0.0,0.0,0.00035610263764356025
230,11.0,0.0009770393371582031,0.0,3.1558644356460223e-06
231,62.0,0.002931356430053711,0.0,0.00022316601139499252
232,25.0,0.0009770393371582031,0.0,0.0001756758886961807
233,20.0,0.0009772777557373047,0.0,6.178396945645439e-05
234,10.0,0.0009770393371582031,0.0,0.00027221354889619465
235,40.0,0.0019540786743164062,0.0,4.231446597448415e-07
236,38.0,0.001954317092895508,0.0,0.00022924178592644795
237,23.0,0.0009770393371582031,0.0,-0.0004250814790159318
238,5.0,0.0009775161743164062,0.0,0.00032951448388467077
239,6.0,0.0,0.0,0.00013124170917235874
240,7.0,0.0,0.0,0.00019119209958397705
241,22.0,0.0009770393371582031,0.0,0.0002923583560603948
242,44.0,0.0019540786743164062,0.0,0.00040391321701307737
243,8.0,0.0,0.0,0.00026358212864628953
244,16.0,0.0,0.0,2.6358212864628953e-05
245,14.0,0.0,0.0,2.6358212864629007e-06
246,14.0,0.0009775161743164062,0.0,1.3124170917235868e-05
247,11.0,0.0009768009185791016,0.0,2.6358212864630633e-07
248,13.0,0.0009775161743164062,0.0,0.0003193213747501661
249,22.0,0.0009768009185791016,0.0,0.0002467631583165279
250,18.0,0.0009768009185791016,0.0,6.178396945645428e-06
251,23.0,0.0009775161743164062,0.0,0.00035008807295340555
252,30.0,0.0009775161743164062,0.0,2.4676315831652774e-05
253,9.0,0.0,0.0,0.0002451483924684533
254,19.0,0.0009779930114746094,0.0,0.0002244243801148872
255,13.0,0.0,0.0,6.596151447126183e-05
256,16.0,0.0009768009185791016,0.0,0.00031411672293160935
257,16.0,0.0009770393371582031,0.0,6.596151447126205e-06
258,8.0,0.0009775161743164062,0.0,6.178396945645428e-07
259,32.0,0.0019540786743164062,0.0,0.0002239056868353656
260,7.0,0.0009772777557373047,0.0,0.00030442439684741856
261,5.0,0.0,0.0,2.239056868353652e-05
262,10.0,0.0,0.0,0.0004928857647521628
263,13.0,0.0,0.0,6.596151447126422e-07
264,74.0,0.002931833267211914,1.0,0.10005547233373879
265,7.0,0.0,0.0,0.00023802529000651782
266,25.0,0.0009770393371582031,0.0,6.596151447128048e-08
267,12.0,0.0009775161743164062,0.0,0.0003261399283393259
268,50.0,0.0029311180114746094,0.0,0.00023327984829953178
269,14.0,0.0009768009185791016,0.0,0.00027791038878913026
270,50.0,0.0029320716857910156,0.0,0.0003129807730867829
271,6.0,0.0009770393371582031,0.0,2.7791038878912993e-05
272,16.0,0.0009772777557373047,0.0,0.00026575140640391513
273,19.0,0.0009770393371582031,0.0,7.827240753518192e-05
274,11.0,0.0,0.0,2.7221354889619444e-05
275,38.0,0.001954317092895508,0.0,0.000521906240564258
276,28.0,0.001955270767211914,0.0,0.00030759225017563404
277,9.0,0.0,0.0,0.0002352166420573551
278,16.0,0.0009772777557373047,0.0,6.596151447149732e-09
279,20.0,0.0009763240814208984,0.0,0.00023052953781984572
280,12.0,0.0,0.0,0.00026950073976160266
281,9.0,0.0,0.0,0.0002250389719879779
282,22.0,0.0009775161743164062,0.0,2.69500739761603e-05
283,15.0,0.0009765625,0.0,2.6950073976160353e-06
284,32.0,0.001954793930053711,0.0,0.00032886095171698906
285,16.0,0.0009765625,0.0,0.00032075513983244373
286,12.0,0.0,0.0,2.2503897198797784e-05
287,5.0,0.0,0.0,0.00025652653616587155
288,55.0,0.0029320716857910156,0.0,0.000360751507334673
289,26.0,0.001953125,0.0,2.3052953781984567e-05
290,40.0,0.0019550323486328125,0.0,0.00032867847239555307
291,9.0,0.0,0.0,0.0003036632408689443
292,7.0,0.0,0.0,3.286784723955532e-05
293,22.0,0.0009765625,0.0,0.00017731805986206516
294,13.0,0.0009775161743164062,0.0,3.286784723955543e-06
295,6.0,0.0,0.0,0.0001226889163822229
296,15.0,0.0009777545928955078,0.0,0.0002292543096671787
297,37.0,0.0019533634185791016,0.0,0.00032112909126576287
298,53.0,0.002931833267211914,0.0,2.51733517054423e-05
299,23.0,0.0009768009185791016,0.0,0.0004469574213336775
300,7.0,0.0,0.0,0.00030722270129464
301,9.0,0.0,0.0,4.469574213336776e-05
302,10.0,0.0,0.0,0.00029734433387921074
303,14.0,0.0,0.0,6.596151447312362e-10
304,14.0,0.0,0.0,0.00047887013125135836
305,19.0,0.0009772777557373047,0.0,0.00032493396988293597
306,8.0,0.0009768009185791016,0.0,-0.00012973725873133198
307,12.0,0.0009775161743164062,0.0,0.000326954830369551
308,8.0,0.0009765625,0.0,0.00029897439521152906
309,6.0,0.0,0.0,2.98974395211529e-05
310,8.0,0.0,0.0,0.00035055562761357
311,23.0,0.0009772777557373047,0.0,0.00031582300793736855
312,31.0,0.001955270767211914,0.0,6.59615144622816e-11
313,28.0,0.0019538402557373047,0.0,0.0002328809268598143
314,8.0,0.0009775161743164062,0.0,0.0002875667462750959
315,12.0,0.0009768009185791016,0.0,0.00041514321804039637
316,25.0,0.0009772777557373047,0.0,1.7731805986206483e-05
317,24.0,0.0009775161743164062,0.0,0.00032948966558185035
318,13.0,0.0009768009185791016,0.0,0.0002542039443004758
319,4.0,0.0009775161743164062,0.0,2.5420394430047608e-05
320,9.0,0.0009772777557373047,0.0,5.219062405642581e-05
321,38.0,0.0019540786743164062,0.0,0.0004310018075551883
322,39.0,0.0019538402557373047,0.0,0.0004968384024673215
323,21.0,0.0009765625,0.0,3.2948966558185035e-05
324,25.0,0.0009772777557373047,0.0,0.0003426388043934061
325,14.0,0.0009768009185791016,0.0,1.7731805986206375e-06
326,22.0,0.0009779930114746094,0.0,0.00018182883887911025
327,12.0,0.0,0.0,0.00031726920216999143
328,45.0,0.0019540786743164062,0.0,0.00041746713097046747
329,7.0,0.0009777545928955078,0.0,0.0003475947042544048
330,44.0,0.001953601837158203,0.0,0.00023953434159294898
331,29.0,0.0009772777557373047,0.0,0.0003953523637511454
332,13.0,0.0009770393371582031,0.0,0.00025638582578134405
333,33.0,0.0009770393371582031,0.0,2.3953434159294893e-05
334,67.0,0.0029306411743164062,0.0,0.0003374876529752039
335,37.0,0.001954793930053711,0.0,0.0004360081950418188
336,10.0,0.0,0.0,0.00036052212456223255
337,35.0,0.001954317092895508,0.0,0.000259177104875672
338,33.0,0.0019550323486328125,0.0,0.0002155319636256173
339,13.0,0.0009763240814208984,0.0,0.0003445200634223812
340,86.0,0.003909111022949219,0.0,0.00023012456626389453
341,12.0,0.0,0.0,0.0003961461454064855
342,19.0,0.0009768009185791016,0.0,0.0003514248359901848
343,8.0,0.0009770393371582031,0.0,0.0005010044058662425
344,12.0,0.0009775161743164062,0.0,0.00029582968938531815
345,11.0,0.0009768009185791016,0.0,0.00023812679387879987
346,29.0,0.0019540786743164062,0.0,0.00022413556756728672
347,28.0,0.001954317092895508,0.0,0.00026208959076222274
348,54.0,0.0029325485229492188,0.0,0.00022844765267824948
349,31.0,0.001954317092895508,0.0,5.1992256284861497e-05
350,67.0,0.0029304027557373047,0.0,5.199225628486166e-06
351,45.0,0.001954317092895508,0.0,0.0002461793653584011
352,28.0,0.0019559860229492188,0.0,0.0003213703824437292
353,43.0,0.0019528865814208984,0.0,0.00030752109242457613
354,6.0,0.0,0.0,0.00034880084597997197
355,87.0,0.003908395767211914,0.0,0.00038495605722912887
356,14.0,0.0009772777557373047,0.0,0.0005240124895620406
357,8.0,0.0009777545928955078,0.0,0.0002206623556044874
358,15.0,0.0009763240814208984,0.0,0.0004826012450265106
359,21.0,0.001955270767211914,0.0,0.00035735503213993347
360,13.0,0.0009768009185791016,0.0,0.0001947757709406785
361,18.0,0.0009770393371582031,0.0,0.0002668619539474527
362,14.0,0.0009775161743164062,0.0,0.0003955205448176561
363,22.0,0.0009772777557373047,0.0,2.5173351705442626e-06
364,9.0,0.0009768009185791016,0.0,3.075210924245763e-05
365,32.0,0.001954317092895508,0.0,0.00037449892341920077
366,19.0,0.0009770393371582031,0.0,0.0004924879592164606
367,18.0,0.0009772777557373047,0.0,0.00020115598568834817
368,8.0,0.0,0.0,8.450733453704043e-05
369,20.0,0.0009770393371582031,0.0,0.00023200606993400175
370,15.0,0.0009772777557373047,0.0,0.00037559349454319374
371,24.0,0.0009770393371582031,0.0,0.0004420779691284811
372,18.0,0.0009779930114746094,0.0,3.744989234192003e-05
373,20.0,0.0009772777557373047,0.0,0.0002889741153293462
374,29.0,0.0019550323486328125,0.0,0.0001960349814272493
375,9.0,0.0009777545928955078,0.0,4.4207796912848095e-05
376,15.0,0.0009768009185791016,0.0,0.00032385142693892524
377,9.0,0.0009770393371582031,0.0,3.238514269389252e-05
378,12.0,0.0009760856628417969,0.0,4.420779691284831e-06
379,21.0,0.0019545555114746094,0.0,0.0003498121268039362
380,5.0,0.0,0.0,0.0003187097747341673
381,8.0,0.0,0.0,3.187097747341675e-05
382,27.0,0.0009775161743164062,0.0,3.7559349454319374e-05
383,11.0,0.0009768009185791016,0.0,3.49812126803936e-05
384,19.0,0.0009770393371582031,0.0,0.00022423502549883748
385,6.0,0.0,0.0,2.2423502549883745e-05
386,34.0,0.0009768009185791016,0.0,0.000353861874077146
387,12.0,0.0,0.0,0.0005591158623751427
388,27.0,0.0009777545928955078,0.0,0.00011594673087114867
389,27.0,0.0009765625,0.0,0.0004789889217996323
390,23.0,0.001954793930053711,0.0,0.00018634041564638792
391,18.0,0.0009770393371582031,0.0,0.00019625831342110666
392,4.0,0.0009770393371582031,0.0,0.0001937905167027081
393,7.0,0.0,0.0,1.9379051670270796e-05
394,11.0,0.0,0.0,1.1594673087114878e-05
395,48.0,0.001954793930053711,0.0,0.0004402838452343802
396,30.0,0.0009775161743164062,0.0,0.0003519785939511438
397,15.0,0.0,0.0,1.1594673087115094e-06
398,9.0,0.0,0.0,3.5197859395114366e-05
399,10.0,0.0,0.0,0.00024282727525680922
400,7.0,0.0,0.0,2.4282727525680903e-05
401,17.0,0.0009770393371582031,0.0,3.7449892341920353e-06
402,10.0,0.0,0.0,0.00036547286082147615
403,28.0,0.0009775161743164062,0.0,-0.4858513140965591
404,7.0,0.0,0.0,3.654728608214761e-05
405,27.0,0.001954317092895508,0.0,0.00030975621853667016
406,25.0,0.0009768009185791016,0.0,1.9603498142724914e-05
407,21.0,0.0009779930114746094,0.0,2.428272752568101e-06
408,39.0,0.0019533634185791016,0.0,3.84956057229129e-05
409,29.0,0.0009770393371582031,0.0,0.00035220751718439145
410,15.0,0.0,0.0,3.5220751718439156e-05
411,15.0,0.0009775161743164062,0.0,3.744989234192144e-07
412,17.0,0.0009765625,0.0,0.0001366734631058258
413,14.0,0.0009768009185791016,0.0,0.00023179683354562913
414,7.0,0.0009775161743164062,0.0,2.3179683354562948e-05
415,45.0,0.0019540786743164062,0.0,0.0003804154687581946
416,11.0,0.0,0.0,0.0002798102685992003
417,11.0,0.0,0.0,0.00035010143552705383
418,26.0,0.0009770393371582031,0.0,3.7449892341953964e-08
419,10.0,0.0,0.0,1.3667346310582563e-05
420,11.0,0.0,0.0,0.00030264041679679745
421,6.0,0.0,0.0,3.0264041679679734e-05
422,22.0,0.0009772777557373047,0.0,0.0004159252105269154
423,34.0,0.0019540786743164062,0.0,2.7981026859919998e-05
424,23.0,0.0009775161743164062,0.0,0.0002388537763031467
425,25.0,0.0009763240814208984,0.0,0.0003154999123276056
426,34.0,0.001954793930053711,0.0,0.0003997815388963879
427,13.0,0.0,0.0,3.154999123276055e-05
428,5.0,0.0,0.0,0.00032996330986029813
429,12.0,0.0009777545928955078,0.0,2.388537763031468e-05
430,10.0,0.0,0.0,2.388537763031457e-06
431,10.0,0.0009777545928955078,0.0,-3.843327460856168e-05
432,36.0,0.0019545555114746094,0.0,9.240679457577736e-05
433,9.0,0.0,0.0,3.29963309860298e-05
434,9.0,0.0,0.0,0.0005430250016838233
435,45.0,0.002931356430053711,0.0,5.4302500168382293e-05
436,14.0,0.0009772777557373047,0.0,0.00042149031068320427
437,58.0,0.002930879592895508,0.0,0.00031980991838916946
438,44.0,0.001954317092895508,0.0,3.1549991232760334e-06
439,23.0,0.0009763240814208984,0.0,-0.00013547524078814742
440,14.0,0.0,0.0,0.0004687618053565358
441,4.0,0.0,0.0,0.00033103522040929686
442,21.0,0.0009763240814208984,0.0,9.240679457577753e-06
443,6.0,0.0,0.0,0.00028709927350223667
444,12.0,0.0,0.0,2.8709927350223656e-05
445,8.0,0.0,0.0,0.00036133035668109106
446,8.0,0.0,0.0,0.0003153225886096603
447,22.0,0.0009768009185791016,0.0,2.8709927350223656e-06
448,9.0,0.0009772777557373047,0.0,5.43025001683824e-06
449,8.0,0.0,0.0,0.0003913266872758342
450,30.0,0.0009779930114746094,0.0,0.00016407674777765315
451,4.0,0.0,0.0,0.0003127114100081197
452,6.0,0.0009772777557373047,0.0,3.1532258860966e-05
453,14.0,0.0009770393371582031,0.0,2.870992735022528e-07
454,13.0,0.0009765625,0.0,3.1532258860965997e-06
455,32.0,0.001954793930053711,0.0,2.87099273502036e-08
456,19.0,0.0009772777557373047,0.0,2.870992734998676e-09
457,11.0,0.0,0.0,0.00029814953576841503
458,6.0,0.0,0.0,0.00018327929207577934
459,25.0,0.0009777545928955078,0.0,0.00038531394425761684
460,31.0,0.0019538402557373047,0.0,5.430250016838674e-07
461,24.0,0.0019540786743164062,0.0,0.00022917242018264842
462,8.0,0.0,0.0,1.6407674777765315e-05
463,30.0,0.0009763240814208984,0.0,0.00030360243391790805
464,23.0,0.0009772777557373047,0.0,2.517335170544371e-07
465,27.0,0.001953601837158203,0.0,-0.18162432214175678
466,23.0,0.0009779930114746094,0.0,0.00024640878506187146
467,11.0,0.0,0.0,0.00024539232395183366
468,24.0,0.0009763240814208984,0.0,-0.00017598350437869132
469,27.0,0.0019550323486328125,0.0,3.853139442576165e-05
470,12.0,0.0009775161743164062,0.0,0.0003140896271299236
471,8.0,0.0009765625,0.0,3.1408962712992355e-05
472,14.0,0.0009772777557373047,0.0,3.140896271299257e-06
473,17.0,0.0009770393371582031,0.0,0.00017533019996083718
474,18.0,0.0009768009185791016,0.0,5.430250016834337e-08
475,9.0,0.0,0.0,3.0360243391790772e-05
476,37.0,0.001955270767211914,0.0,0.00018408532351508208
477,21.0,0.0009765625,0.0,0.00033920921846759724
478,21.0,0.0019540786743164062,0.0,0.00016002592141859876
479,18.0,0.0009768009185791016,0.0,-1.6692144899370398e-05
480,23.0,0.0009772777557373047,0.0,0.00024140772857528893
481,16.0,0.0009770393371582031,0.0,3.956216280461667e-05
482,10.0,0.0009775161743164062,0.0,1.8408532351508176e-05
483,16.0,0.0009768009185791016,0.0,0.000339665384026943
484,23.0,0.001954793930053711,0.0,0.00035782033939506756
485,23.0,0.0009758472442626953,0.0,0.0002618137716638949
486,29.0,0.0009765625,0.0,0.00034421436003583656
487,30.0,0.0019545555114746094,0.0,0.000463607776185848
488,24.0,0.001954317092895508,0.0,0.0003408574808184458
489,11.0,0.0009772777557373047,0.0,3.669375658291651e-05
490,23.0,0.0009772777557373047,0.0,0.0002368794437057377
491,46.0,0.001954317092895508,0.0,3.669375658291673e-06
492,10.0,0.0009770393371582031,0.0,-0.00016162167971460803
493,19.0,0.0009770393371582031,0.0,0.0001558012941103336
494,26.0,0.0009768009185791016,0.0,-1.616216797146081e-05
495,22.0,0.0019540786743164062,0.0,0.0003687489923094514
496,51.0,0.002931833267211914,0.0,0.00023108708223861324
497,21.0,0.0009775161743164062,0.0,0.0002302480768011006
498,25.0,0.0019540786743164062,0.0,4.890422551193113e-05
499,8.0,0.0009765625,0.0,0.00028108957243862785
500,17.0,0.0009775161743164062,0.0,4.890422551193107e-06
501,5.0,0.0009770393371582031,0.0,0.0003230078082403904
502,8.0,0.0,0.0,2.8108957243862785e-05
503,7.0,0.0,0.0,4.89042255119327e-07
504,6.0,0.0,0.0,3.39665384026943e-05
505,4.0,0.0,0.0,3.2300780824039024e-05
506,11.0,0.0009763240814208984,0.0,0.00031562980579733787
507,8.0,0.0009772777557373047,0.0,3.230078082403886e-06
508,11.0,0.0009765625,0.0,5.330185355013526e-05
509,14.0,0.0009777545928955078,0.0,0.00028140319719672407
510,11.0,0.0009765625,0.0,2.8140319719672407e-05
511,11.0,0.0009772777557373047,0.0,0.000359785220103738
512,71.0,0.003909111022949219,0.0,-0.07940501997190653
513,19.0,0.0009775161743164062,0.0,0.000544986993452983
514,20.0,0.0009770393371582031,0.0,0.00025714267067657436
515,47.0,0.001954317092895508,0.0,0.0003179781948651225
516,15.0,0.0009777545928955078,0.0,0.00022356157741391523
517,19.0,0.0009765625,0.0,0.00024637467842013463
518,21.0,0.0019545555114746094,0.0,3.179781948651225e-05
519,19.0,0.0009775161743164062,0.0,2.4637467842013436e-05
520,18.0,0.0009765625,0.0,1.840853235150796e-06
521,14.0,0.0,0.0,0.0003384830740478172
522,7.0,0.0,0.0,0.00018594052948250265
523,24.0,0.0009777545928955078,0.0,0.00046366532189826503
524,15.0,0.0009772777557373047,0.0,1.5580129411033332e-05
525,18.0,0.0,0.0,0.0002523585499031579
526,32.0,0.0009777545928955078,0.0,-1.5995522304237877e-05
527,16.0,0.0009765625,0.0,1.8594052948250255e-05
528,9.0,0.0009772777557373047,0.0,0.0002350154758700508
529,15.0,0.0009770393371582031,0.0,0.0002492762923897735
530,13.0,0.0009775161743164062,0.0,0.00034302932217725445
531,17.0,0.0009768009185791016,0.0,0.00033954175998371475
532,9.0,0.0,0.0,2.463746784201338e-06
533,18.0,0.0009768009185791016,0.0,0.000288399114992914
534,27.0,0.0009772777557373047,0.0,-0.00018727771355081827
535,12.0,0.0,0.0,0.0002335940383466368
536,12.0,0.0,0.0,0.00029963609973307845
537,11.0,0.0,0.0,7.730136486766662e-05
538,41.0,0.001953601837158203,0.0,-0.0002438981466939841
539,38.0,0.0019538402557373047,0.0,2.463746784201501e-07
540,21.0,0.0009768009185791016,0.0,0.00022125596359765762
541,27.0,0.0009777545928955078,0.0,-0.0596658129230712
542,21.0,0.0009768009185791016,0.0,0.0002266847939058153
543,9.0,0.0009768009185791016,0.0,0.00042107169175869966
544,9.0,0.000978231430053711,0.0,0.00034383744755647804
545,27.0,0.0019538402557373047,0.0,3.4383744755647804e-05
546,12.0,0.0009768009185791016,0.0,0.0002257369583887677
547,14.0,0.0009777545928955078,0.0,0.00024544994498827943
548,18.0,0.0009768009185791016,0.0,2.2668479390581533e-05
549,13.0,0.0009770393371582031,0.0,2.4544994498827948e-05
550,6.0,0.0,0.0,3.395417599837147e-05
551,9.0,0.0009765625,0.0,0.00022408933035802104
552,14.0,0.0009777545928955078,0.0,0.00039436320347572835
553,12.0,0.0009768009185791016,0.0,2.2356157741391523e-05
554,24.0,0.0009765625,0.0,0.0003354111571068432
555,10.0,0.0009770393371582031,0.0,2.2668479390581696e-06
556,36.0,0.0019540786743164062,0.0,0.0002701668326373198
557,33.0,0.001954793930053711,0.0,0.00024228196199910901
558,13.0,0.0009763240814208984,0.0,0.0004290598289352513
559,11.0,0.000978231430053711,0.0,0.00028623847417247637
560,28.0,0.0019538402557373047,0.0,3.94363203475728e-05
561,9.0,0.0009770393371582031,0.0,2.862384741724762e-05
562,9.0,0.0009770393371582031,0.0,2.8623847417247675e-06
563,25.0,0.0009770393371582031,0.0,0.0002570030802464307
564,20.0,0.0009772777557373047,0.0,2.862384741724876e-07
565,25.0,0.001954317092895508,0.0,0.00018007877130635068
566,27.0,0.0009770393371582031,0.0,-0.01816243221417568
567,16.0,0.0009775161743164062,0.0,3.94363203475728e-06
568,16.0,0.0009768009185791016,0.0,0.00021406919278563655
569,15.0,0.0009777545928955078,0.0,5.44986993452983e-05
570,24.0,0.0019540786743164062,0.0,2.1406919278563663e-05
571,14.0,0.0009770393371582031,0.0,0.00022488096879412798
572,21.0,0.0009770393371582031,0.0,0.0002909839085620421
573,15.0,0.0,0.0,0.00040855858668445124
574,16.0,0.0009770393371582031,0.0,4.085585866844512e-05
575,16.0,0.0009768009185791016,0.0,4.085585866844539e-06
576,21.0,0.000978231430053711,0.0,0.00027960398468603856
577,22.0,0.0009777545928955078,0.0,0.00034750955414487763
578,12.0,0.0009770393371582031,0.0,0.0003556206487318942
579,14.0,0.0009770393371582031,0.0,0.00039271167769679063
580,21.0,0.0009777545928955078,0.0,0.00022171311988459564
581,14.0,0.0009765625,0.0,0.00040409495634979934
582,11.0,0.0009775161743164062,0.0,0.0003621986019061904
583,4.0,0.0,0.0,2.2171311988459564e-05
584,23.0,0.0009768009185791016,0.0,0.00031730077661675345
585,23.0,0.001954317092895508,0.0,0.00040814727667094866
586,31.0,0.0019540786743164062,0.0,5.44986993452983e-06
587,38.0,0.0019555091857910156,0.0,-0.0761017791748752
588,13.0,0.0009760856628417969,0.0,0.00030389782266765543
589,17.0,0.0009772777557373047,0.0,4.081472766709484e-05
590,9.0,0.0,0.0,3.6219860190619024e-05
591,7.0,0.0,0.0,0.0002879165576303831
592,42.0,0.001954317092895508,0.0,0.00036152094803057467
593,14.0,0.0009779930114746094,0.0,3.6219860190618482e-06
594,8.0,0.0009770393371582031,0.0,3.6219860190614146e-07
595,10.0,0.0,0.0,0.00012403669545570654
596,28.0,0.0009768009185791016,0.0,0.000283540653299745
597,21.0,0.0009765625,0.0,0.00042167857622164764
598,16.0,0.0009768009185791016,0.0,-0.00017758805199627725
599,13.0,0.0009770393371582031,0.0,0.00017834736542492676
600,23.0,0.0009765625,0.0,0.00023571725761586395
601,20.0,0.0009772777557373047,0.0,0.00015565491869947698
602,10.0,0.0,0.0,0.0002585615431715817
603,25.0,0.0009760856628417969,0.0,0.00030797785744858536
604,10.0,0.0009768009185791016,0.0,3.079778574485855e-05
605,20.0,0.0009770393371582031,0.0,0.00030996414348457495
606,14.0,0.0,0.0,0.0003311820988529269
607,5.0,0.0,0.0,3.311820988529269e-05
608,13.0,0.0009770393371582031,0.0,0.00025754821816933223
609,22.0,0.0009775161743164062,0.0,0.00034425520740331454
610,15.0,0.0009768009185791016,0.0,0.00026111273281712315
611,15.0,0.0,0.0,3.442552074033143e-05
612,24.0,0.0009763240814208984,0.0,0.0005429719808313876
613,28.0,0.001953601837158203,0.0,4.2167857622164764e-05
614,15.0,0.0009772777557373047,0.0,0.0004277104033539619
615,6.0,0.0009777545928955078,0.0,0.00032778523663881876
616,29.0,0.001953601837158203,0.0,0.0002358775565221403
617,26.0,0.0009775161743164062,0.0,8.305608695705232e-05
618,14.0,0.0009775161743164062,0.0,0.00035739904204683807
619,35.0,0.0019540786743164062,0.0,-0.010423954508686712
620,15.0,0.0009770393371582031,0.0,0.00032934958018748784
621,4.0,0.0009775161743164062,0.0,3.2934958018748784e-05
622,10.0,0.0009765625,0.0,0.0005012784388679098
623,36.0,0.001954317092895508,0.0,0.00040971780743383017
624,12.0,0.0009772777557373047,0.0,4.097178074338303e-05
625,49.0,0.0029320716857910156,0.0,0.0004834720680042738
626,14.0,0.0009768009185791016,0.0,-0.006062822107666793
627,15.0,0.0009770393371582031,0.0,0.0003182004697846415
628,51.0,0.002931833267211914,0.0,-0.0037145587340593807
629,18.0,0.0009768009185791016,0.0,0.0002901217569531837
630,31.0,0.0009772777557373047,0.0,-0.0007813811489705834
631,7.0,0.0,0.0,-0.00012749642796967684
632,17.0,0.0009775161743164062,0.0,0.00030161746320278153
633,18.0,0.0009765625,0.0,0.00018180904278720282
634,11.0,0.0009772777557373047,0.0,-1.2749642796967668e-05
635,23.0,0.0009768009185791016,0.0,-1.274964279696783e-06
636,9.0,0.0,0.0,0.00017749677542849818
637,15.0,0.0,0.0,0.00027408193036661873
638,20.0,0.0009768009185791016,0.0,-0.00011017739058802605
639,10.0,0.0009770393371582031,0.0,0.00025943133235003233
640,8.0,0.000978231430053711,0.0,0.00038207242349771
641,13.0,0.0009768009185791016,0.0,0.00021111469322830612
642,28.0,0.0019540786743164062,0.0,2.7408193036661884e-05
643,22.0,0.0009772777557373047,0.0,0.00032146773976670355
644,70.0,0.0029311180114746094,0.0,0.000252628189955276
645,55.0,0.0029315948486328125,0.0,-0.00104239545086867
646,12.0,0.0,0.0,0.00025675290113586977
647,34.0,0.0009770393371582031,0.0,0.0001703058143041761
648,39.0,0.0019540786743164062,0.0,0.00018701567144776022
649,40.0,0.001954317092895508,0.0,0.00042936441498851047
650,29.0,0.001954317092895508,0.0,-0.0011508979401630057
651,18.0,0.0009770393371582031,0.0,-0.0001346878303576168
652,14.0,0.0,0.0,0.0002565002271305635
653,16.0,0.0009765625,0.0,2.565002271305637e-05
654,7.0,0.0,0.0,2.565002271305648e-06
655,15.0,0.0009765625,0.0,0.00029658568467816646
656,6.0,0.0,0.0,2.565002271305702e-07
657,48.0,0.0019550323486328125,0.0,-0.0006062822107666788
658,20.0,0.0009777545928955078,0.0,0.00022368956470087748
659,32.0,0.001953601837158203,0.0,0.0004647376872964265
660,10.0,0.0009777545928955078,0.0,0.0003072116363342607
661,12.0,0.0009765625,0.0,3.0721163633426083e-05
662,53.0,0.002931356430053711,0.0,0.00041258641937182345
663,12.0,0.0009770393371582031,0.0,-6.0628221076667894e-05
664,26.0,0.0009775161743164062,0.0,-0.002078726625182315
665,45.0,0.001954317092895508,0.0,2.2368956470087743e-05
666,43.0,0.002931833267211914,0.0,0.00028849935490169533
667,24.0,0.0009768009185791016,0.0,0.0003288139215462607
668,24.0,0.0009765625,0.0,0.0002344661842315992
669,16.0,0.000978231430053711,0.0,0.0003750749404295853
670,11.0,0.0,0.0,-1.3468783035761706e-05
671,14.0,0.0,0.0,0.00017627739355289168
672,8.0,0.0,0.0,0.0003626067720285434
673,43.0,0.001954793930053711,0.0,-0.001088859893588237
674,13.0,0.0009765625,0.0,0.0002434181174421694
675,8.0,0.0009775161743164062,0.0,0.00044046030976765016
676,5.0,0.0,0.0,0.0003472716606727764
677,23.0,0.0009775161743164062,0.0,4.647376872964266e-05
678,12.0,0.0009768009185791016,0.0,-0.0028445980967989927
679,15.0,0.0009779930114746094,0.0,0.00020607766592113208
680,16.0,0.0,0.0,0.0003620772610671967
681,8.0,0.0,0.0,2.4341811744216972e-05
682,16.0,0.0009765625,0.0,0.00024410087168829237
683,17.0,0.0009777545928955078,0.0,0.0002582495131663637
684,18.0,0.0009768009185791016,0.0,2.582495131663639e-05
685,17.0,0.0009765625,0.0,0.00017977325101205445
686,15.0,0.0009772777557373047,0.0,0.0003045159696670279
687,29.0,0.0019538402557373047,0.0,3.472716606727763e-05
688,48.0,0.0019538402557373047,0.0,0.00017309811183281412
689,9.0,0.0,0.0,0.00033273170355223124
690,37.0,0.001954317092895508,0.0,4.647376872964244e-06
691,10.0,0.0009779930114746094,0.0,0.0002628125352469824
692,8.0,0.0009768009185791016,0.0,1.7977325101205417e-05
693,10.0,0.0009772777557373047,0.0,0.0003444137656504459
694,5.0,0.0,0.0,0.00022734401185461547
695,43.0,0.0019540786743164062,0.0,-0.00010888598935882368
696,10.0,0.0009775161743164062,0.0,0.0003469363781383244
697,59.0,0.0029315948486328125,0.0,0.000309199180153328
698,17.0,0.0,0.0,0.0001794220043665884
699,18.0,0.0009768009185791016,0.0,1.7942200436658873e-05
700,20.0,0.0009772777557373047,0.0,0.00023041302704755658
701,7.0,0.0,0.0,0.00020073062104396017
702,24.0,0.0019550323486328125,0.0,0.00032646243554318525
703,11.0,0.0009772777557373047,0.0,3.264624355431853e-05
704,25.0,0.0009768009185791016,0.0,0.00044522359634893477
705,14.0,0.0005128383636474609,0.0,0.0002253157814527397
706,60.0,0.002922534942626953,0.0,0.00034081762818243656
707,47.0,0.001954317092895508,0.0,9.573639750811748e-05
708,9.0,0.0009765625,0.0,2.2734401185461536e-05
709,12.0,0.0009777545928955078,0.0,0.0004588072827099909
710,10.0,0.0009768009185791016,0.0,0.00031664771647232795
711,35.0,0.002459287643432617,0.0,0.00035990634976381514
712,31.0,0.0019540786743164062,0.0,0.0003515427931705553
713,27.0,0.0009768009185791016,0.0,9.573639750811705e-06
714,8.0,0.0,0.0,0.00032131435305790556
715,4.0,0.0,0.0,0.0003598273909200489
716,9.0,0.0009772777557373047,0.0,0.0002280511380245889
717,14.0,0.0009777545928955078,0.0,0.00011771586429982996
718,30.0,0.001978158950805664,0.0,0.00032121102723904995
719,6.0,0.0009551048278808594,0.0,0.00023887080238868392
720,55.0,0.002930879592895508,0.0,3.2121102723904984e-05
721,32.0,0.001954317092895508,0.0,0.00023363412368029794
722,49.0,0.002930879592895508,0.0,0.0003555804408931837
723,18.0,0.000978708267211914,0.0,2.336341236802979e-05
724,33.0,0.0009598731994628906,0.0,0.00017623221878248688
725,17.0,0.0009770393371582031,0.0,2.336341236803001e-06
726,30.0,0.0019545555114746094,0.0,-0.0005809808774931059
727,21.0,0.0009770393371582031,0.0,0.00044260700547815783
728,42.0,0.0019540786743164062,0.0,-0.005646948270916497
729,20.0,0.0009849071502685547,0.0,-0.0005252775588178723
730,32.0,0.0009779930114746094,0.0,0.000358555754483159
731,16.0,0.0,0.0,0.00026177771686615816
732,30.0,0.0009772777557373047,0.0,0.00048081400886896295
733,35.0,0.0009777545928955078,0.0,2.0073062104396017e-05
734,9.0,0.0,0.0,3.585557544831595e-05
735,8.0,0.0,0.0,0.0003340469066585764
736,10.0,0.00051116943359375,0.0,3.3404690665857684e-05
737,10.0,0.0009698867797851562,0.0,-3.7890908227967935e-05
738,12.0,0.0009775161743164062,0.0,-3.7890908227967935e-06
739,16.0,0.0009760856628417969,0.0,0.00019524749373471659
740,21.0,0.0009779930114746094,0.0,4.085246821227404e-05
741,11.0,0.0,0.0,-3.7146130473326316e-05
742,17.0,0.0009768009185791016,0.0,-3.71461304733261e-06
743,21.0,0.0009779930114746094,0.0,0.0002256253362014119
744,23.0,0.0009868144989013672,0.0,0.00025192875305974174
745,26.0,0.0019464492797851562,0.0,0.0004439199253685837
746,24.0,0.0009775161743164062,0.0,0.00023232629269824448
747,12.0,0.0,0.0,2.3232629269824437e-05
748,33.0,0.0009770393371582031,0.0,3.620772610671969e-05
749,8.0,0.0,0.0,0.0003578307186035488
750,21.0,0.0009763240814208984,0.0,0.0003072793582881788
751,57.0,0.002459287643432617,0.0,4.439199253685833e-05
752,19.0,0.0009777545928955078,0.0,4.808140088689633e-05
753,17.0,0.0009760856628417969,0.0,-5.8098087749310556e-05
754,20.0,0.001954317092895508,0.0,0.0005305176839422845
755,30.0,0.0009770393371582031,0.0,0.00024273312811451528
756,15.0,0.0009765625,0.0,1.9524749373471626e-05
757,7.0,0.0,0.0,0.0001549625282004141
758,16.0,0.0009675025939941406,0.0,0.00033665153631383166
759,47.0,0.0019540786743164062,0.0,0.0002623666175246354
760,30.0,0.0009775161743164062,0.0,0.0002845563898811489
761,18.0,0.0009772777557373047,0.0,-1.3068764616409173e-05
762,12.0,0.0009775161743164062,0.0,-0.00012457250346223939
763,53.0,0.0029332637786865234,1.0,0.9995504787824424
764,9.0,0.0009772777557373047,0.0,-1.2457250346223955e-05
765,34.0,0.001953601837158203,0.0,0.00035576763882094785
766,27.0,0.0019545555114746094,0.0,0.0004692947859783717
767,35.0,0.001954793930053711,0.0,0.0001763785468218455
768,34.0,0.0019545555114746094,0.0,0.000508408043446866
769,37.0,0.0019457340240478516,0.0,0.0003446962057111926
770,46.0,0.0019545555114746094,0.0,7.159776918778379e-05
771,16.0,0.0009763240814208984,0.0,0.00025356241880545276
772,24.0,0.0009777545928955078,0.0,0.00023182759476926746
773,47.0,0.0019636154174804688,0.0,0.0003610086602236901
774,21.0,0.0009694099426269531,0.0,0.0002484114554793891
775,40.0,0.001954317092895508,0.0,0.0003007386081117994
776,20.0,0.0009770393371582031,0.0,0.0003461448721049651
777,25.0,0.0009768009185791016,0.0,2.3182759476926725e-05
778,6.0,0.0009770393371582031,0.0,3.0073860811179914e-05
779,12.0,0.0009768009185791016,0.0,0.00035445427065222706
780,9.0,0.0009779930114746094,0.0,0.00030626155834625535
781,6.0,0.0,0.0,-1.2775738306438798e-05
782,35.0,0.0019483566284179688,0.0,0.00031194233297050474
783,18.0,0.0009772777557373047,0.0,3.1194233297050474e-05
784,6.0,0.0,0.0,0.00031470182588646357
785,31.0,0.0009772777557373047,0.0,0.00022797939775944884
786,85.0,0.003911018371582031,0.0,0.0005263780121248518
787,15.0,0.0009777545928955078,0.0,0.000404429249673406
788,7.0,0.0009765625,0.0,2.535624188054525e-05
789,12.0,0.0009765625,0.0,2.3182759476926616e-06
790,18.0,0.0009777545928955078,0.0,5.2637801212485156e-05
791,23.0,0.0009779930114746094,0.0,0.0005004087122781331
792,43.0,0.0019540786743164062,0.0,5.263780121248559e-06
793,27.0,0.0005102157592773438,0.0,0.00031131474200291076
794,8.0,0.0,0.0,4.0442924967340585e-05
795,14.0,0.0,0.0,0.00026931932957271283
796,6.0,0.0,0.0,2.6931932957271283e-05
797,6.0,0.0,0.0,2.535624188054503e-06
798,25.0,0.0019540786743164062,0.0,0.0003644979885308802
799,35.0,0.0019545555114746094,0.0,4.044292496734004e-06
800,11.0,0.0009772777557373047,0.0,0.0001372251572411262
801,17.0,0.0009872913360595703,0.0,0.00022454894397036702
802,7.0,0.0,0.0,0.0002621152310740318
803,26.0,0.0019545555114746094,0.0,5.263780121248993e-07
804,11.0,0.0009768009185791016,0.0,1.3722515724112587e-05
805,16.0,0.0009770393371582031,0.0,0.00034026802380732033
806,11.0,0.0009772777557373047,0.0,3.995380346390984e-05
807,21.0,0.0009770393371582031,0.0,0.00034351125467867334
808,13.0,0.0009765625,0.0,0.00017599104048067048
809,9.0,0.0,0.0,0.0002658602785490061
810,6.0,0.0,0.0,1.3722515724112587e-06
811,14.0,0.0,0.0,2.6586027854900616e-05
812,7.0,0.0,0.0,3.435112546786728e-05
813,26.0,0.0009768009185791016,0.0,0.00031451366706513744
814,24.0,0.0019545555114746094,0.0,0.0005043153969948416
815,25.0,0.0009775161743164062,0.0,-3.723599694816274e-05
816,9.0,0.0,0.0,1.3722515724114755e-07
817,16.0,0.0,0.0,0.00031993173737051634
818,12.0,0.0005128383636474609,0.0,1.3722515724103913e-08
819,5.0,0.0009682178497314453,0.0,0.00035341909942234996
820,4.0,0.0,0.0,3.199317373705162e-05
821,15.0,0.0009763240814208984,0.0,3.534190994223499e-05
822,16.0,0.0009765625,0.0,0.00026960277779512824
823,15.0,0.0009772777557373047,0.0,2.696027777951285e-05
824,10.0,0.0009772777557373047,0.0,-3.723599694816285e-06
825,10.0,0.0009775161743164062,0.0,0.00026725831296326867
826,7.0,0.0009772777557373047,0.0,3.4514583973538826e-05
827,10.0,0.0009772777557373047,0.0,0.00023397030865684193
828,21.0,0.0012812614440917969,0.0,0.00031476872395637834
829,12.0,0.0009665489196777344,0.0,3.4514583973538934e-06
830,7.0,0.0009775161743164062,0.0,2.6960277779513285e-06
831,16.0,0.0009765625,0.0,0.0003354283524550961
832,28.0,0.0019545555114746094,0.0,0.00022505116018023703
833,4.0,0.0,0.0,0.00022833570163055119
834,17.0,0.0009775161743164062,0.0,0.00030189385042765664
835,16.0,0.0009772777557373047,0.0,3.0189385042765648e-05
836,8.0,0.0009772777557373047,0.0,2.2833570163055105e-05
837,16.0,0.0009872913360595703,0.0,0.0002851645841092758
838,19.0,0.0009770393371582031,0.0,0.00029943534645925757
839,8.0,0.0,0.0,2.2833570163055214e-06
840,26.0,0.0009770393371582031,0.0,3.451458397353731e-07
841,17.0,0.0,0.0,4.0859017325072064e-05
842,19.0,0.0009770393371582031,0.0,0.00034491900545610796
843,20.0,0.0009775161743164062,0.0,3.4491900545610785e-05
844,11.0,0.0,0.0,0.00043690999778328967
845,32.0,0.0014798641204833984,0.0,4.085901732507212e-06
846,12.0,0.0009772777557373047,0.0,0.00039080890045582815
847,5.0,0.0009777545928955078,0.0,0.0003457671179186616
848,18.0,0.0009768009185791016,0.0,4.0859017325073745e-07
849,10.0,0.0009775161743164062,0.0,0.000473159574035936
850,17.0,0.0009770393371582031,0.0,-0.00013030831445287426
851,5.0,0.0,0.0,0.00024341759752259787
852,24.0,0.0009772777557373047,0.0,5.043153969948419e-05
853,10.0,0.0,0.0,2.4341759752259792e-05
854,9.0,0.0,0.0,0.00022656629429025434
855,5.0,0.0,0.0,0.0003197886270061036
856,18.0,0.0009768009185791016,0.0,0.00032847206527006665
857,16.0,0.0009763240814208984,0.0,-4.119051827722862e-05
858,20.0,0.0009770393371582031,0.0,0.00016459344041118044
859,8.0,0.0,0.0,0.0002712489928211446
860,23.0,0.001954793930053711,0.0,0.0002782894325534561
861,8.0,0.0,0.0,-0.00016116492781534988
862,14.0,0.0009779930114746094,0.0,0.00047895680864577415
863,7.0,9.5367431640625e-06,0.0,0.00018531764878641234
864,11.0,0.0009691715240478516,0.0,1.8531764878641234e-05
865,23.0,0.0019540786743164062,0.0,0.00019686488299730244
866,5.0,0.0,0.0,0.0003531061702515618
867,22.0,0.0009772777557373047,0.0,4.789568086457745e-05
868,7.0,0.0009770393371582031,0.0,3.531061702515616e-05
869,23.0,0.0009772777557373047,0.0,-4.119051827722851e-06
870,8.0,0.0,0.0,0.00032768463265932967
871,28.0,0.0019702911376953125,0.0,0.00032902207960511243
872,5.0,0.0009632110595703125,0.0,3.276846326593296e-05
873,29.0,0.0019540786743164062,0.0,2.782894325534561e-05
874,17.0,0.0009772777557373047,0.0,2.7828943255345825e-06
875,12.0,0.0009770393371582031,0.0,2.7828943255348536e-07
876,12.0,0.0009772777557373047,0.0,0.00034376941250346114
877,7.0,0.0009768009185791016,0.0,0.0003215978732440687
878,10.0,0.0009777545928955078,0.0,0.00015019066343575427
879,32.0,0.001955270767211914,0.0,0.0003121544713531202
880,54.0,0.0019383430480957031,0.0,0.00033345351836724187
881,27.0,0.0009772777557373047,0.0,0.00032822680017333567
882,27.0,0.0009768009185791016,0.0,0.00021964228468222762
883,17.0,0.0009777545928955078,0.0,0.00034801417314643047
884,12.0,0.0,0.0,1.9686488299730227e-05
885,6.0,0.0,0.0,0.0003384737697715311
886,9.0,0.0009906291961669922,0.0,0.00019264333820004332
887,12.0,0.0009670257568359375,0.0,0.00023202911159248089
888,19.0,0.0009765625,0.0,0.000229034613540438
889,25.0,0.0009768009185791016,0.0,0.00016298566904622975
890,10.0,0.0,0.0,1.6298566904623002e-05
891,61.0,0.002931356430053711,0.0,0.0003316308524691955
892,4.0,0.0,0.0,3.316308524691956e-05
893,27.0,0.0009765625,0.0,0.0002747568630626895
894,8.0,0.0009777545928955078,0.0,0.00017925412854693016
895,15.0,0.0009770393371582031,0.0,3.3163085246919665e-06
896,7.0,0.0,0.0,3.3163085246917497e-07
897,21.0,0.0009768009185791016,0.0,0.0003380157813987731
898,25.0,0.0009768009185791016,0.0,1.9686488299730173e-06
899,34.0,0.0009772777557373047,0.0,3.6207726106719687e-06
900,8.0,0.0,0.0,0.00021429257145968696
901,5.0,0.0,0.0,3.3801578139877305e-05
902,52.0,0.0029196739196777344,0.0,2.142925714596869e-05
903,6.0,0.0009765625,0.0,2.1429257145968907e-06
904,12.0,0.0009775161743164062,0.0,0.0003315280657023528
905,15.0,0.0009772777557373047,0.0,0.00031619364599284796
906,12.0,0.0009768009185791016,0.0,3.3152806570235294e-05
907,11.0,0.0009777545928955078,0.0,0.00041809082980758666
908,13.0,0.0009768009185791016,0.0,0.0002232177718179301
909,79.0,0.003912210464477539,0.0,0.0003053694695179226
910,9.0,0.0,0.0,0.000261036501322742
911,15.0,0.0,0.0,3.053694695179227e-05
912,20.0,0.0009772777557373047,0.0,0.00018093955251349142
913,6.0,0.0009775161743164062,0.0,-0.00015953031660511876
914,7.0,0.0,0.0,0.000161671240195956
915,13.0,0.0,0.0,0.0002196854035555455
916,45.0,0.0019450187683105469,0.0,0.0004882313925812496
917,19.0,0.0,0.0,-0.0001614571478368723
918,18.0,0.0009772777557373047,0.0,4.882313925812492e-05
919,25.0,0.0019540786743164062,0.0,0.0003475315104817756
920,7.0,0.0009777545928955078,0.0,0.00018446529125595184
921,15.0,0.0009768009185791016,0.0,-1.6145714783687224e-05
922,25.0,0.0009770393371582031,0.0,0.00040269650830523126
923,21.0,0.0009772777557373047,0.0,0.0001933083600237985
924,16.0,0.0009772777557373047,0.0,4.0269650830523104e-05
925,11.0,0.0,0.0,3.4753151048177544e-05
926,10.0,0.0,0.0,0.0003240210444806825
927,36.0,0.0009768009185791016,0.0,4.026965083052283e-06
928,11.0,0.0,0.0,0.0003438151364266297
929,19.0,0.0009763240814208984,0.0,0.0004733408126877144
930,17.0,0.0009875297546386719,0.0,4.0269650830522833e-07
931,12.0,0.0009691715240478516,0.0,0.00021200578549913083
932,18.0,0.0009770393371582031,0.0,-0.00015642369330655473
933,7.0,0.0,0.0,0.0003257030652287425
934,11.0,0.0,0.0,3.257030652287424e-05
935,10.0,0.0,0.0,3.2570306522874026e-06
936,10.0,0.0,0.0,0.0001619819025258124
937,12.0,0.0,0.0,8.899915404142077e-05
938,15.0,0.0,0.0,-0.00010423954508686698
939,29.0,0.0009849071502685547,0.0,0.0003179750897635975
940,10.0,0.0,0.0,3.1797508976359723e-05
941,16.0,0.0,0.0,0.00034235882810314673
942,45.0,0.001954317092895508,0.0,0.00036234052576164137
943,6.0,0.0009765625,0.0,3.1797508976359723e-06
944,37.0,0.0019550323486328125,0.0,0.0002676133168335171
945,23.0,0.0009887218475341797,0.0,0.0004022626836063181
946,18.0,0.0009682178497314453,0.0,0.0003529622032870688
947,20.0,0.0009768009185791016,0.0,0.0005182459718053596
948,24.0,0.0009768009185791016,0.0,5.753732262296472e-05
949,29.0,0.0019540786743164062,0.0,0.0002783811202233359
950,9.0,0.0009775161743164062,0.0,2.7838112022333602e-05
951,14.0,0.0009775161743164062,0.0,4.0226268360631816e-05
952,27.0,0.0019648075103759766,0.0,0.00023614635004209943
953,13.0,0.0009682178497314453,0.0,0.0002618280916132777
954,17.0,0.0009768009185791016,0.0,0.0004036875993577553
955,17.0,0.0,0.0,0.0004357433589556222
956,45.0,0.001954793930053711,0.0,2.783811202233333e-06
957,4.0,0.0,0.0,2.361463500420995e-05
958,7.0,0.0009775161743164062,0.0,4.357433589556223e-05
959,12.0,0.0009772777557373047,0.0,2.361463500420973e-06
960,20.0,0.0014905929565429688,0.0,2.7838112022331163e-07
961,32.0,0.0019445419311523438,0.0,4.357433589556212e-06
962,9.0,0.0009770393371582031,0.0,0.0003654149416560381
963,33.0,0.0019545555114746094,0.0,2.676133168335172e-05
964,17.0,0.0009765625,0.0,7.159776918778352e-06
965,16.0,0.0009777545928955078,0.0,0.000348382631451561
966,8.0,0.0,0.0,3.483826314515609e-05
967,11.0,0.0009777545928955078,0.0,0.00021538080016249368
968,10.0,0.0009868144989013672,0.0,0.00031642224138861804
969,16.0,0.00096893310546875,0.0,0.00032617250307743784
970,8.0,0.0,0.0,0.0003382172973226783
971,45.0,0.001954317092895508,0.0,0.0003087754922713475
972,51.0,0.002931356430053711,0.0,7.159776918778515e-07
973,9.0,0.0009772777557373047,0.0,2.153808001624936e-05
974,36.0,0.001489400863647461,0.0,0.0003594045996400142
975,6.0,0.0,0.0,3.594045996400139e-05
976,12.0,0.0009772777557373047,0.0,3.5940459964001496e-06
977,19.0,0.0009772777557373047,0.0,0.00025840471235609073
978,16.0,0.0009768009185791016,0.0,4.3385185296178634e-05
979,24.0,0.0009775161743164062,0.0,0.00024941283941410416
980,6.0,0.0,0.0,2.4941283941410427e-05
981,14.0,0.0,0.0,-3.6892858764935857e-05
982,10.0,0.0,0.0,0.0003601984513127791
983,21.0,0.00096893310546875,0.0,0.0002034647430920769
984,6.0,0.0009768009185791016,0.0,0.0002384654858032187
985,13.0,0.0009768009185791016,0.0,3.7542091418060134e-05
986,6.0,0.0,0.0,0.0003506987002640881
987,11.0,0.0,0.0,3.506987002640881e-05
988,10.0,0.0,0.0,0.0002615358602594589
989,12.0,0.0,0.0,2.6153586025945874e-05
990,12.0,0.0,0.0,-0.00015727779754726021
991,11.0,0.0,0.0,0.00022899097133726682
992,18.0,0.0009777545928955078,0.0,0.00039946672997721194
993,14.0,0.0009665489196777344,0.0,0.00039362268350180685
994,8.0,0.0009765625,0.0,2.289909713372668e-05
995,13.0,0.0009779930114746094,0.0,0.0003184564053920631
996,6.0,0.0,0.0,0.0002136441169877457
997,13.0,0.0009777545928955078,0.0,3.1845640539206275e-05
998,11.0,0.0009768009185791016,0.0,0.00024103516620189698
999,9.0,0.0,0.0,-0.00015625986015769335
1000,0.0,0.0,0.0,0.0
1001,0.0,0.0,0.0,0.0
1002,0.0,0.0,0.0,0.0
1003,0.0,0.0,0.0,0.0
1004,0.0,0.0,0.0,0.0
1005,0.0,0.0,0.0,0.0
1006,0.0,0.0,0.0,0.0
1007,0.0,0.0,0.0,0.0
1008,0.0,0.0,0.0,0.0
1009,0.0,0.0,0.0,0.0
1010,0.0,0.0,0.0,0.0
1011,0.0,0.0,0.0,0.0
1012,0.0,0.0,0.0,0.0
1013,0.0,0.0,0.0,0.0
1014,0.0,0.0,0.0,0.0
1015,0.0,0.0,0.0,0.0
1016,0.0,0.0,0.0,0.0
1017,0.0,0.0,0.0,0.0
1018,0.0,0.0,0.0,0.0
1019,0.0,0.0,0.0,0.0
1020,0.0,0.0,0.0,0.0
1021,0.0,0.0,0.0,0.0
1022,0.0,0.0,0.0,0.0
1023,0.0,0.0,0.0,0.0
1024,0.0,0.0,0.0,0.0
1025,0.0,0.0,0.0,0.0
1026,0.0,0.0,0.0,0.0
1027,0.0,0.0,0.0,0.0
1028,0.0,0.0,0.0,0.0
1029,0.0,0.0,0.0,0.0
1030,0.0,0.0,0.0,0.0
1031,0.0,0.0,0.0,0.0
1032,0.0,0.0,0.0,0.0
1033,0.0,0.0,0.0,0.0
1034,0.0,0.0,0.0,0.0
1035,0.0,0.0,0.0,0.0
1036,0.0,0.0,0.0,0.0
1037,0.0,0.0,0.0,0.0
1038,0.0,0.0,0.0,0.0
1039,0.0,0.0,0.0,0.0
1040,0.0,0.0,0.0,0.0
1041,0.0,0.0,0.0,0.0
1042,0.0,0.0,0.0,0.0
1043,0.0,0.0,0.0,0.0
1044,0.0,0.0,0.0,0.0
1045,0.0,0.0,0.0,0.0
1046,0.0,0.0,0.0,0.0
1047,0.0,0.0,0.0,0.0
1048,0.0,0.0,0.0,0.0
1049,0.0,0.0,0.0,0.0
1050,0.0,0.0,0.0,0.0
1051,0.0,0.0,0.0,0.0
1052,0.0,0.0,0.0,0.0
1053,0.0,0.0,0.0,0.0
1054,0.0,0.0,0.0,0.0
1055,0.0,0.0,0.0,0.0
1056,0.0,0.0,0.0,0.0
1057,0.0,0.0,0.0,0.0
1058,0.0,0.0,0.0,0.0
1059,0.0,0.0,0.0,0.0
1060,0.0,0.0,0.0,0.0
1061,0.0,0.0,0.0,0.0
1062,0.0,0.0,0.0,0.0
1063,0.0,0.0,0.0,0.0
1064,0.0,0.0,0.0,0.0
1065,0.0,0.0,0.0,0.0
1066,0.0,0.0,0.0,0.0
1067,0.0,0.0,0.0,0.0
1068,0.0,0.0,0.0,0.0
1069,0.0,0.0,0.0,0.0
1070,0.0,0.0,0.0,0.0
1071,0.0,0.0,0.0,0.0
1072,0.0,0.0,0.0,0.0
1073,0.0,0.0,0.0,0.0
1074,0.0,0.0,0.0,0.0
1075,0.0,0.0,0.0,0.0
1076,0.0,0.0,0.0,0.0
1077,0.0,0.0,0.0,0.0
1078,0.0,0.0,0.0,0.0
1079,0.0,0.0,0.0,0.0
1080,0.0,0.0,0.0,0.0
1081,0.0,0.0,0.0,0.0
1082,0.0,0.0,0.0,0.0
1083,0.0,0.0,0.0,0.0
1084,0.0,0.0,0.0,0.0
1085,0.0,0.0,0.0,0.0
1086,0.0,0.0,0.0,0.0
1087,0.0,0.0,0.0,0.0
1088,0.0,0.0,0.0,0.0
1089,0.0,0.0,0.0,0.0
1090,0.0,0.0,0.0,0.0
1091,0.0,0.0,0.0,0.0
1092,0.0,0.0,0.0,0.0
1093,0.0,0.0,0.0,0.0
1094,0.0,0.0,0.0,0.0
1095,0.0,0.0,0.0,0.0
1096,0.0,0.0,0.0,0.0
1097,0.0,0.0,0.0,0.0
1098,0.0,0.0,0.0,0.0
1099,0.0,0.0,0.0,0.0
1100,0.0,0.0,0.0,0.0
1101,0.0,0.0,0.0,0.0
1102,0.0,0.0,0.0,0.0
1103,0.0,0.0,0.0,0.0
1104,0.0,0.0,0.0,0.0
1105,0.0,0.0,0.0,0.0
1106,0.0,0.0,0.0,0.0
1107,0.0,0.0,0.0,0.0
1108,0.0,0.0,0.0,0.0
1109,0.0,0.0,0.0,0.0
1110,0.0,0.0,0.0,0.0
1111,0.0,0.0,0.0,0.0
1112,0.0,0.0,0.0,0.0
1113,0.0,0.0,0.0,0.0
1114,0.0,0.0,0.0,0.0
1115,0.0,0.0,0.0,0.0
1116,0.0,0.0,0.0,0.0
1117,0.0,0.0,0.0,0.0
1118,0.0,0.0,0.0,0.0
1119,0.0,0.0,0.0,0.0
1120,0.0,0.0,0.0,0.0
1121,0.0,0.0,0.0,0.0
1122,0.0,0.0,0.0,0.0
1123,0.0,0.0,0.0,0.0
1124,0.0,0.0,0.0,0.0
1125,0.0,0.0,0.0,0.0
1126,0.0,0.0,0.0,0.0
1127,0.0,0.0,0.0,0.0
1128,0.0,0.0,0.0,0.0
1129,0.0,0.0,0.0,0.0
1130,0.0,0.0,0.0,0.0
1131,0.0,0.0,0.0,0.0
1132,0.0,0.0,0.0,0.0
1133,0.0,0.0,0.0,0.0
1134,0.0,0.0,0.0,0.0
1135,0.0,0.0,0.0,0.0
1136,0.0,0.0,0.0,0.0
1137,0.0,0.0,0.0,0.0
1138,0.0,0.0,0.0,0.0
1139,0.0,0.0,0.0,0.0
1140,0.0,0.0,0.0,0.0
1141,0.0,0.0,0.0,0.0
1142,0.0,0.0,0.0,0.0
1143,0.0,0.0,0.0,0.0
1144,0.0,0.0,0.0,0.0
1145,0.0,0.0,0.0,0.0
1146,0.0,0.0,0.0,0.0
1147,0.0,0.0,0.0,0.0
1148,0.0,0.0,0.0,0.0
1149,0.0,0.0,0.0,0.0
1150,0.0,0.0,0.0,0.0
1151,0.0,0.0,0.0,0.0
1152,0.0,0.0,0.0,0.0
1153,0.0,0.0,0.0,0.0
1154,0.0,0.0,0.0,0.0
1155,0.0,0.0,0.0,0.0
1156,0.0,0.0,0.0,0.0
1157,0.0,0.0,0.0,0.0
1158,0.0,0.0,0.0,0.0
1159,0.0,0.0,0.0,0.0
1160,0.0,0.0,0.0,0.0
1161,0.0,0.0,0.0,0.0
1162,0.0,0.0,0.0,0.0
1163,0.0,0.0,0.0,0.0
1164,0.0,0.0,0.0,0.0
1165,0.0,0.0,0.0,0.0
1166,0.0,0.0,0.0,0.0
1167,0.0,0.0,0.0,0.0
1168,0.0,0.0,0.0,0.0
1169,0.0,0.0,0.0,0.0
1170,0.0,0.0,0.0,0.0
1171,0.0,0.0,0.0,0.0
1172,0.0,0.0,0.0,0.0
1173,0.0,0.0,0.0,0.0
1174,0.0,0.0,0.0,0.0
1175,0.0,0.0,0.0,0.0
1176,0.0,0.0,0.0,0.0
1177,0.0,0.0,0.0,0.0
1178,0.0,0.0,0.0,0.0
1179,0.0,0.0,0.0,0.0
1180,0.0,0.0,0.0,0.0
1181,0.0,0.0,0.0,0.0
1182,0.0,0.0,0.0,0.0
1183,0.0,0.0,0.0,0.0
1184,0.0,0.0,0.0,0.0
1185,0.0,0.0,0.0,0.0
1186,0.0,0.0,0.0,0.0
1187,0.0,0.0,0.0,0.0
1188,0.0,0.0,0.0,0.0
1189,0.0,0.0,0.0,0.0
1190,0.0,0.0,0.0,0.0
1191,0.0,0.0,0.0,0.0
1192,0.0,0.0,0.0,0.0
1193,0.0,0.0,0.0,0.0
1194,0.0,0.0,0.0,0.0
1195,0.0,0.0,0.0,0.0
1196,0.0,0.0,0.0,0.0
1197,0.0,0.0,0.0,0.0
1198,0.0,0.0,0.0,0.0
1199,0.0,0.0,0.0,0.0
1200,0.0,0.0,0.0,0.0
1201,0.0,0.0,0.0,0.0
1202,0.0,0.0,0.0,0.0
1203,0.0,0.0,0.0,0.0
1204,0.0,0.0,0.0,0.0
1205,0.0,0.0,0.0,0.0
1206,0.0,0.0,0.0,0.0
1207,0.0,0.0,0.0,0.0
1208,0.0,0.0,0.0,0.0
1209,0.0,0.0,0.0,0.0
1210,0.0,0.0,0.0,0.0
1211,0.0,0.0,0.0,0.0
1212,0.0,0.0,0.0,0.0
1213,0.0,0.0,0.0,0.0
1214,0.0,0.0,0.0,0.0
1215,0.0,0.0,0.0,0.0
1216,0.0,0.0,0.0,0.0
1217,0.0,0.0,0.0,0.0
1218,0.0,0.0,0.0,0.0
1219,0.0,0.0,0.0,0.0
1220,0.0,0.0,0.0,0.0
1221,0.0,0.0,0.0,0.0
1222,0.0,0.0,0.0,0.0
1223,0.0,0.0,0.0,0.0
1224,0.0,0.0,0.0,0.0
1225,0.0,0.0,0.0,0.0
1226,0.0,0.0,0.0,0.0
1227,0.0,0.0,0.0,0.0
1228,0.0,0.0,0.0,0.0
1229,0.0,0.0,0.0,0.0
1230,0.0,0.0,0.0,0.0
1231,0.0,0.0,0.0,0.0
1232,0.0,0.0,0.0,0.0
1233,0.0,0.0,0.0,0.0
1234,0.0,0.0,0.0,0.0
1235,0.0,0.0,0.0,0.0
1236,0.0,0.0,0.0,0.0
1237,0.0,0.0,0.0,0.0
1238,0.0,0.0,0.0,0.0
1239,0.0,0.0,0.0,0.0
1240,0.0,0.0,0.0,0.0
1241,0.0,0.0,0.0,0.0
1242,0.0,0.0,0.0,0.0
1243,0.0,0.0,0.0,0.0
1244,0.0,0.0,0.0,0.0
1245,0.0,0.0,0.0,0.0
1246,0.0,0.0,0.0,0.0
1247,0.0,0.0,0.0,0.0
1248,0.0,0.0,0.0,0.0
1249,0.0,0.0,0.0,0.0
1250,0.0,0.0,0.0,0.0
1251,0.0,0.0,0.0,0.0
1252,0.0,0.0,0.0,0.0
1253,0.0,0.0,0.0,0.0
1254,0.0,0.0,0.0,0.0
1255,0.0,0.0,0.0,0.0
1256,0.0,0.0,0.0,0.0
1257,0.0,0.0,0.0,0.0
1258,0.0,0.0,0.0,0.0
1259,0.0,0.0,0.0,0.0
1260,0.0,0.0,0.0,0.0
1261,0.0,0.0,0.0,0.0
1262,0.0,0.0,0.0,0.0
1263,0.0,0.0,0.0,0.0
1264,0.0,0.0,0.0,0.0
1265,0.0,0.0,0.0,0.0
1266,0.0,0.0,0.0,0.0
1267,0.0,0.0,0.0,0.0
1268,0.0,0.0,0.0,0.0
1269,0.0,0.0,0.0,0.0
1270,0.0,0.0,0.0,0.0
1271,0.0,0.0,0.0,0.0
1272,0.0,0.0,0.0,0.0
1273,0.0,0.0,0.0,0.0
1274,0.0,0.0,0.0,0.0
1275,0.0,0.0,0.0,0.0
1276,0.0,0.0,0.0,0.0
1277,0.0,0.0,0.0,0.0
1278,0.0,0.0,0.0,0.0
1279,0.0,0.0,0.0,0.0
1280,0.0,0.0,0.0,0.0
1281,0.0,0.0,0.0,0.0
1282,0.0,0.0,0.0,0.0
1283,0.0,0.0,0.0,0.0
1284,0.0,0.0,0.0,0.0
1285,0.0,0.0,0.0,0.0
1286,0.0,0.0,0.0,0.0
1287,0.0,0.0,0.0,0.0
1288,0.0,0.0,0.0,0.0
1289,0.0,0.0,0.0,0.0
1290,0.0,0.0,0.0,0.0
1291,0.0,0.0,0.0,0.0
1292,0.0,0.0,0.0,0.0
1293,0.0,0.0,0.0,0.0
1294,0.0,0.0,0.0,0.0
1295,0.0,0.0,0.0,0.0
1296,0.0,0.0,0.0,0.0
1297,0.0,0.0,0.0,0.0
1298,0.0,0.0,0.0,0.0
1299,0.0,0.0,0.0,0.0
1300,0.0,0.0,0.0,0.0
1301,0.0,0.0,0.0,0.0
1302,0.0,0.0,0.0,0.0
1303,0.0,0.0,0.0,0.0
1304,0.0,0.0,0.0,0.0
1305,0.0,0.0,0.0,0.0
1306,0.0,0.0,0.0,0.0
1307,0.0,0.0,0.0,0.0
1308,0.0,0.0,0.0,0.0
1309,0.0,0.0,0.0,0.0
1310,0.0,0.0,0.0,0.0
1311,0.0,0.0,0.0,0.0
1312,0.0,0.0,0.0,0.0
1313,0.0,0.0,0.0,0.0
1314,0.0,0.0,0.0,0.0
1315,0.0,0.0,0.0,0.0
1316,0.0,0.0,0.0,0.0
1317,0.0,0.0,0.0,0.0
1318,0.0,0.0,0.0,0.0
1319,0.0,0.0,0.0,0.0
1320,0.0,0.0,0.0,0.0
1321,0.0,0.0,0.0,0.0
1322,0.0,0.0,0.0,0.0
1323,0.0,0.0,0.0,0.0
1324,0.0,0.0,0.0,0.0
1325,0.0,0.0,0.0,0.0
1326,0.0,0.0,0.0,0.0
1327,0.0,0.0,0.0,0.0
1328,0.0,0.0,0.0,0.0
1329,0.0,0.0,0.0,0.0
1330,0.0,0.0,0.0,0.0
1331,0.0,0.0,0.0,0.0
1332,0.0,0.0,0.0,0.0
1333,0.0,0.0,0.0,0.0
1334,0.0,0.0,0.0,0.0
1335,0.0,0.0,0.0,0.0
1336,0.0,0.0,0.0,0.0
1337,0.0,0.0,0.0,0.0
1338,0.0,0.0,0.0,0.0
1339,0.0,0.0,0.0,0.0
1340,0.0,0.0,0.0,0.0
1341,0.0,0.0,0.0,0.0
1342,0.0,0.0,0.0,0.0
1343,0.0,0.0,0.0,0.0
1344,0.0,0.0,0.0,0.0
1345,0.0,0.0,0.0,0.0
1346,0.0,0.0,0.0,0.0
1347,0.0,0.0,0.0,0.0
1348,0.0,0.0,0.0,0.0
1349,0.0,0.0,0.0,0.0
1350,0.0,0.0,0.0,0.0
1351,0.0,0.0,0.0,0.0
1352,0.0,0.0,0.0,0.0
1353,0.0,0.0,0.0,0.0
1354,0.0,0.0,0.0,0.0
1355,0.0,0.0,0.0,0.0
1356,0.0,0.0,0.0,0.0
1357,0.0,0.0,0.0,0.0
1358,0.0,0.0,0.0,0.0
1359,0.0,0.0,0.0,0.0
1360,0.0,0.0,0.0,0.0
1361,0.0,0.0,0.0,0.0
1362,0.0,0.0,0.0,0.0
1363,0.0,0.0,0.0,0.0
1364,0.0,0.0,0.0,0.0
1365,0.0,0.0,0.0,0.0
1366,0.0,0.0,0.0,0.0
1367,0.0,0.0,0.0,0.0
1368,0.0,0.0,0.0,0.0
1369,0.0,0.0,0.0,0.0
1370,0.0,0.0,0.0,0.0
1371,0.0,0.0,0.0,0.0
1372,0.0,0.0,0.0,0.0
1373,0.0,0.0,0.0,0.0
1374,0.0,0.0,0.0,0.0
1375,0.0,0.0,0.0,0.0
1376,0.0,0.0,0.0,0.0
1377,0.0,0.0,0.0,0.0
1378,0.0,0.0,0.0,0.0
1379,0.0,0.0,0.0,0.0
1380,0.0,0.0,0.0,0.0
1381,0.0,0.0,0.0,0.0
1382,0.0,0.0,0.0,0.0
1383,0.0,0.0,0.0,0.0
1384,0.0,0.0,0.0,0.0
1385,0.0,0.0,0.0,0.0
1386,0.0,0.0,0.0,0.0
1387,0.0,0.0,0.0,0.0
1388,0.0,0.0,0.0,0.0
1389,0.0,0.0,0.0,0.0
1390,0.0,0.0,0.0,0.0
1391,0.0,0.0,0.0,0.0
1392,0.0,0.0,0.0,0.0
1393,0.0,0.0,0.0,0.0
1394,0.0,0.0,0.0,0.0
1395,0.0,0.0,0.0,0.0
1396,0.0,0.0,0.0,0.0
1397,0.0,0.0,0.0,0.0
1398,0.0,0.0,0.0,0.0
1399,0.0,0.0,0.0,0.0
1400,0.0,0.0,0.0,0.0
1401,0.0,0.0,0.0,0.0
1402,0.0,0.0,0.0,0.0
1403,0.0,0.0,0.0,0.0
1404,0.0,0.0,0.0,0.0
1405,0.0,0.0,0.0,0.0
1406,0.0,0.0,0.0,0.0
1407,0.0,0.0,0.0,0.0
1408,0.0,0.0,0.0,0.0
1409,0.0,0.0,0.0,0.0
1410,0.0,0.0,0.0,0.0
1411,0.0,0.0,0.0,0.0
1412,0.0,0.0,0.0,0.0
1413,0.0,0.0,0.0,0.0
1414,0.0,0.0,0.0,0.0
1415,0.0,0.0,0.0,0.0
1416,0.0,0.0,0.0,0.0
1417,0.0,0.0,0.0,0.0
1418,0.0,0.0,0.0,0.0
1419,0.0,0.0,0.0,0.0
1420,0.0,0.0,0.0,0.0
1421,0.0,0.0,0.0,0.0
1422,0.0,0.0,0.0,0.0
1423,0.0,0.0,0.0,0.0
1424,0.0,0.0,0.0,0.0
1425,0.0,0.0,0.0,0.0
1426,0.0,0.0,0.0,0.0
1427,0.0,0.0,0.0,0.0
1428,0.0,0.0,0.0,0.0
1429,0.0,0.0,0.0,0.0
1430,0.0,0.0,0.0,0.0
1431,0.0,0.0,0.0,0.0
1432,0.0,0.0,0.0,0.0
1433,0.0,0.0,0.0,0.0
1434,0.0,0.0,0.0,0.0
1435,0.0,0.0,0.0,0.0
1436,0.0,0.0,0.0,0.0
1437,0.0,0.0,0.0,0.0
1438,0.0,0.0,0.0,0.0
1439,0.0,0.0,0.0,0.0
1440,0.0,0.0,0.0,0.0
1441,0.0,0.0,0.0,0.0
1442,0.0,0.0,0.0,0.0
1443,0.0,0.0,0.0,0.0
1444,0.0,0.0,0.0,0.0
1445,0.0,0.0,0.0,0.0
1446,0.0,0.0,0.0,0.0
1447,0.0,0.0,0.0,0.0
1448,0.0,0.0,0.0,0.0
1449,0.0,0.0,0.0,0.0
1450,0.0,0.0,0.0,0.0
1451,0.0,0.0,0.0,0.0
1452,0.0,0.0,0.0,0.0
1453,0.0,0.0,0.0,0.0
1454,0.0,0.0,0.0,0.0
1455,0.0,0.0,0.0,0.0
1456,0.0,0.0,0.0,0.0
1457,0.0,0.0,0.0,0.0
1458,0.0,0.0,0.0,0.0
1459,0.0,0.0,0.0,0.0
1460,0.0,0.0,0.0,0.0
1461,0.0,0.0,0.0,0.0
1462,0.0,0.0,0.0,0.0
1463,0.0,0.0,0.0,0.0
1464,0.0,0.0,0.0,0.0
1465,0.0,0.0,0.0,0.0
1466,0.0,0.0,0.0,0.0
1467,0.0,0.0,0.0,0.0
1468,0.0,0.0,0.0,0.0
1469,0.0,0.0,0.0,0.0
1470,0.0,0.0,0.0,0.0
1471,0.0,0.0,0.0,0.0
1472,0.0,0.0,0.0,0.0
1473,0.0,0.0,0.0,0.0
1474,0.0,0.0,0.0,0.0
1475,0.0,0.0,0.0,0.0
1476,0.0,0.0,0.0,0.0
1477,0.0,0.0,0.0,0.0
1478,0.0,0.0,0.0,0.0
1479,0.0,0.0,0.0,0.0
1480,0.0,0.0,0.0,0.0
1481,0.0,0.0,0.0,0.0
1482,0.0,0.0,0.0,0.0
1483,0.0,0.0,0.0,0.0
1484,0.0,0.0,0.0,0.0
1485,0.0,0.0,0.0,0.0
1486,0.0,0.0,0.0,0.0
1487,0.0,0.0,0.0,0.0
1488,0.0,0.0,0.0,0.0
1489,0.0,0.0,0.0,0.0
1490,0.0,0.0,0.0,0.0
1491,0.0,0.0,0.0,0.0
1492,0.0,0.0,0.0,0.0
1493,0.0,0.0,0.0,0.0
1494,0.0,0.0,0.0,0.0
1495,0.0,0.0,0.0,0.0
1496,0.0,0.0,0.0,0.0
1497,0.0,0.0,0.0,0.0
1498,0.0,0.0,0.0,0.0
1499,0.0,0.0,0.0,0.0
1500,0.0,0.0,0.0,0.0
1501,0.0,0.0,0.0,0.0
1502,0.0,0.0,0.0,0.0
1503,0.0,0.0,0.0,0.0
1504,0.0,0.0,0.0,0.0
1505,0.0,0.0,0.0,0.0
1506,0.0,0.0,0.0,0.0
1507,0.0,0.0,0.0,0.0
1508,0.0,0.0,0.0,0.0
1509,0.0,0.0,0.0,0.0
1510,0.0,0.0,0.0,0.0
1511,0.0,0.0,0.0,0.0
1512,0.0,0.0,0.0,0.0
1513,0.0,0.0,0.0,0.0
1514,0.0,0.0,0.0,0.0
1515,0.0,0.0,0.0,0.0
1516,0.0,0.0,0.0,0.0
1517,0.0,0.0,0.0,0.0
1518,0.0,0.0,0.0,0.0
1519,0.0,0.0,0.0,0.0
1520,0.0,0.0,0.0,0.0
1521,0.0,0.0,0.0,0.0
1522,0.0,0.0,0.0,0.0
1523,0.0,0.0,0.0,0.0
1524,0.0,0.0,0.0,0.0
1525,0.0,0.0,0.0,0.0
1526,0.0,0.0,0.0,0.0
1527,0.0,0.0,0.0,0.0
1528,0.0,0.0,0.0,0.0
1529,0.0,0.0,0.0,0.0
1530,0.0,0.0,0.0,0.0
1531,0.0,0.0,0.0,0.0
1532,0.0,0.0,0.0,0.0
1533,0.0,0.0,0.0,0.0
1534,0.0,0.0,0.0,0.0
1535,0.0,0.0,0.0,0.0
1536,0.0,0.0,0.0,0.0
1537,0.0,0.0,0.0,0.0
1538,0.0,0.0,0.0,0.0
1539,0.0,0.0,0.0,0.0
1540,0.0,0.0,0.0,0.0
1541,0.0,0.0,0.0,0.0
1542,0.0,0.0,0.0,0.0
1543,0.0,0.0,0.0,0.0
1544,0.0,0.0,0.0,0.0
1545,0.0,0.0,0.0,0.0
1546,0.0,0.0,0.0,0.0
1547,0.0,0.0,0.0,0.0
1548,0.0,0.0,0.0,0.0
1549,0.0,0.0,0.0,0.0
1550,0.0,0.0,0.0,0.0
1551,0.0,0.0,0.0,0.0
1552,0.0,0.0,0.0,0.0
1553,0.0,0.0,0.0,0.0
1554,0.0,0.0,0.0,0.0
1555,0.0,0.0,0.0,0.0
1556,0.0,0.0,0.0,0.0
1557,0.0,0.0,0.0,0.0
1558,0.0,0.0,0.0,0.0
1559,0.0,0.0,0.0,0.0
1560,0.0,0.0,0.0,0.0
1561,0.0,0.0,0.0,0.0
1562,0.0,0.0,0.0,0.0
1563,0.0,0.0,0.0,0.0
1564,0.0,0.0,0.0,0.0
1565,0.0,0.0,0.0,0.0
1566,0.0,0.0,0.0,0.0
1567,0.0,0.0,0.0,0.0
1568,0.0,0.0,0.0,0.0
1569,0.0,0.0,0.0,0.0
1570,0.0,0.0,0.0,0.0
1571,0.0,0.0,0.0,0.0
1572,0.0,0.0,0.0,0.0
1573,0.0,0.0,0.0,0.0
1574,0.0,0.0,0.0,0.0
1575,0.0,0.0,0.0,0.0
1576,0.0,0.0,0.0,0.0
1577,0.0,0.0,0.0,0.0
1578,0.0,0.0,0.0,0.0
1579,0.0,0.0,0.0,0.0
1580,0.0,0.0,0.0,0.0
1581,0.0,0.0,0.0,0.0
1582,0.0,0.0,0.0,0.0
1583,0.0,0.0,0.0,0.0
1584,0.0,0.0,0.0,0.0
1585,0.0,0.0,0.0,0.0
1586,0.0,0.0,0.0,0.0
1587,0.0,0.0,0.0,0.0
1588,0.0,0.0,0.0,0.0
1589,0.0,0.0,0.0,0.0
1590,0.0,0.0,0.0,0.0
1591,0.0,0.0,0.0,0.0
1592,0.0,0.0,0.0,0.0
1593,0.0,0.0,0.0,0.0
1594,0.0,0.0,0.0,0.0
1595,0.0,0.0,0.0,0.0
1596,0.0,0.0,0.0,0.0
1597,0.0,0.0,0.0,0.0
1598,0.0,0.0,0.0,0.0
1599,0.0,0.0,0.0,0.0
1600,0.0,0.0,0.0,0.0
1601,0.0,0.0,0.0,0.0
1602,0.0,0.0,0.0,0.0
1603,0.0,0.0,0.0,0.0
1604,0.0,0.0,0.0,0.0
1605,0.0,0.0,0.0,0.0
1606,0.0,0.0,0.0,0.0
1607,0.0,0.0,0.0,0.0
1608,0.0,0.0,0.0,0.0
1609,0.0,0.0,0.0,0.0
1610,0.0,0.0,0.0,0.0
1611,0.0,0.0,0.0,0.0
1612,0.0,0.0,0.0,0.0
1613,0.0,0.0,0.0,0.0
1614,0.0,0.0,0.0,0.0
1615,0.0,0.0,0.0,0.0
1616,0.0,0.0,0.0,0.0
1617,0.0,0.0,0.0,0.0
1618,0.0,0.0,0.0,0.0
1619,0.0,0.0,0.0,0.0
1620,0.0,0.0,0.0,0.0
1621,0.0,0.0,0.0,0.0
1622,0.0,0.0,0.0,0.0
1623,0.0,0.0,0.0,0.0
1624,0.0,0.0,0.0,0.0
1625,0.0,0.0,0.0,0.0
1626,0.0,0.0,0.0,0.0
1627,0.0,0.0,0.0,0.0
1628,0.0,0.0,0.0,0.0
1629,0.0,0.0,0.0,0.0
1630,0.0,0.0,0.0,0.0
1631,0.0,0.0,0.0,0.0
1632,0.0,0.0,0.0,0.0
1633,0.0,0.0,0.0,0.0
1634,0.0,0.0,0.0,0.0
1635,0.0,0.0,0.0,0.0
1636,0.0,0.0,0.0,0.0
1637,0.0,0.0,0.0,0.0
1638,0.0,0.0,0.0,0.0
1639,0.0,0.0,0.0,0.0
1640,0.0,0.0,0.0,0.0
1641,0.0,0.0,0.0,0.0
1642,0.0,0.0,0.0,0.0
1643,0.0,0.0,0.0,0.0
1644,0.0,0.0,0.0,0.0
1645,0.0,0.0,0.0,0.0
1646,0.0,0.0,0.0,0.0
1647,0.0,0.0,0.0,0.0
1648,0.0,0.0,0.0,0.0
1649,0.0,0.0,0.0,0.0
1650,0.0,0.0,0.0,0.0
1651,0.0,0.0,0.0,0.0
1652,0.0,0.0,0.0,0.0
1653,0.0,0.0,0.0,0.0
1654,0.0,0.0,0.0,0.0
1655,0.0,0.0,0.0,0.0
1656,0.0,0.0,0.0,0.0
1657,0.0,0.0,0.0,0.0
1658,0.0,0.0,0.0,0.0
1659,0.0,0.0,0.0,0.0
1660,0.0,0.0,0.0,0.0
1661,0.0,0.0,0.0,0.0
1662,0.0,0.0,0.0,0.0
1663,0.0,0.0,0.0,0.0
1664,0.0,0.0,0.0,0.0
1665,0.0,0.0,0.0,0.0
1666,0.0,0.0,0.0,0.0
1667,0.0,0.0,0.0,0.0
1668,0.0,0.0,0.0,0.0
1669,0.0,0.0,0.0,0.0
1670,0.0,0.0,0.0,0.0
1671,0.0,0.0,0.0,0.0
1672,0.0,0.0,0.0,0.0
1673,0.0,0.0,0.0,0.0
1674,0.0,0.0,0.0,0.0
1675,0.0,0.0,0.0,0.0
1676,0.0,0.0,0.0,0.0
1677,0.0,0.0,0.0,0.0
1678,0.0,0.0,0.0,0.0
1679,0.0,0.0,0.0,0.0
1680,0.0,0.0,0.0,0.0
1681,0.0,0.0,0.0,0.0
1682,0.0,0.0,0.0,0.0
1683,0.0,0.0,0.0,0.0
1684,0.0,0.0,0.0,0.0
1685,0.0,0.0,0.0,0.0
1686,0.0,0.0,0.0,0.0
1687,0.0,0.0,0.0,0.0
1688,0.0,0.0,0.0,0.0
1689,0.0,0.0,0.0,0.0
1690,0.0,0.0,0.0,0.0
1691,0.0,0.0,0.0,0.0
1692,0.0,0.0,0.0,0.0
1693,0.0,0.0,0.0,0.0
1694,0.0,0.0,0.0,0.0
1695,0.0,0.0,0.0,0.0
1696,0.0,0.0,0.0,0.0
1697,0.0,0.0,0.0,0.0
1698,0.0,0.0,0.0,0.0
1699,0.0,0.0,0.0,0.0
1700,0.0,0.0,0.0,0.0
1701,0.0,0.0,0.0,0.0
1702,0.0,0.0,0.0,0.0
1703,0.0,0.0,0.0,0.0
1704,0.0,0.0,0.0,0.0
1705,0.0,0.0,0.0,0.0
1706,0.0,0.0,0.0,0.0
1707,0.0,0.0,0.0,0.0
1708,0.0,0.0,0.0,0.0
1709,0.0,0.0,0.0,0.0
1710,0.0,0.0,0.0,0.0
1711,0.0,0.0,0.0,0.0
1712,0.0,0.0,0.0,0.0
1713,0.0,0.0,0.0,0.0
1714,0.0,0.0,0.0,0.0
1715,0.0,0.0,0.0,0.0
1716,0.0,0.0,0.0,0.0
1717,0.0,0.0,0.0,0.0
1718,0.0,0.0,0.0,0.0
1719,0.0,0.0,0.0,0.0
1720,0.0,0.0,0.0,0.0
1721,0.0,0.0,0.0,0.0
1722,0.0,0.0,0.0,0.0
1723,0.0,0.0,0.0,0.0
1724,0.0,0.0,0.0,0.0
1725,0.0,0.0,0.0,0.0
1726,0.0,0.0,0.0,0.0
1727,0.0,0.0,0.0,0.0
1728,0.0,0.0,0.0,0.0
1729,0.0,0.0,0.0,0.0
1730,0.0,0.0,0.0,0.0
1731,0.0,0.0,0.0,0.0
1732,0.0,0.0,0.0,0.0
1733,0.0,0.0,0.0,0.0
1734,0.0,0.0,0.0,0.0
1735,0.0,0.0,0.0,0.0
1736,0.0,0.0,0.0,0.0
1737,0.0,0.0,0.0,0.0
1738,0.0,0.0,0.0,0.0
1739,0.0,0.0,0.0,0.0
1740,0.0,0.0,0.0,0.0
1741,0.0,0.0,0.0,0.0
1742,0.0,0.0,0.0,0.0
1743,0.0,0.0,0.0,0.0
1744,0.0,0.0,0.0,0.0
1745,0.0,0.0,0.0,0.0
1746,0.0,0.0,0.0,0.0
1747,0.0,0.0,0.0,0.0
1748,0.0,0.0,0.0,0.0
1749,0.0,0.0,0.0,0.0
1750,0.0,0.0,0.0,0.0
1751,0.0,0.0,0.0,0.0
1752,0.0,0.0,0.0,0.0
1753,0.0,0.0,0.0,0.0
1754,0.0,0.0,0.0,0.0
1755,0.0,0.0,0.0,0.0
1756,0.0,0.0,0.0,0.0
1757,0.0,0.0,0.0,0.0
1758,0.0,0.0,0.0,0.0
1759,0.0,0.0,0.0,0.0
1760,0.0,0.0,0.0,0.0
1761,0.0,0.0,0.0,0.0
1762,0.0,0.0,0.0,0.0
1763,0.0,0.0,0.0,0.0
1764,0.0,0.0,0.0,0.0
1765,0.0,0.0,0.0,0.0
1766,0.0,0.0,0.0,0.0
1767,0.0,0.0,0.0,0.0
1768,0.0,0.0,0.0,0.0
1769,0.0,0.0,0.0,0.0
1770,0.0,0.0,0.0,0.0
1771,0.0,0.0,0.0,0.0
1772,0.0,0.0,0.0,0.0
1773,0.0,0.0,0.0,0.0
1774,0.0,0.0,0.0,0.0
1775,0.0,0.0,0.0,0.0
1776,0.0,0.0,0.0,0.0
1777,0.0,0.0,0.0,0.0
1778,0.0,0.0,0.0,0.0
1779,0.0,0.0,0.0,0.0
1780,0.0,0.0,0.0,0.0
1781,0.0,0.0,0.0,0.0
1782,0.0,0.0,0.0,0.0
1783,0.0,0.0,0.0,0.0
1784,0.0,0.0,0.0,0.0
1785,0.0,0.0,0.0,0.0
1786,0.0,0.0,0.0,0.0
1787,0.0,0.0,0.0,0.0
1788,0.0,0.0,0.0,0.0
1789,0.0,0.0,0.0,0.0
1790,0.0,0.0,0.0,0.0
1791,0.0,0.0,0.0,0.0
1792,0.0,0.0,0.0,0.0
1793,0.0,0.0,0.0,0.0
1794,0.0,0.0,0.0,0.0
1795,0.0,0.0,0.0,0.0
1796,0.0,0.0,0.0,0.0
1797,0.0,0.0,0.0,0.0
1798,0.0,0.0,0.0,0.0
1799,0.0,0.0,0.0,0.0
1800,0.0,0.0,0.0,0.0
1801,0.0,0.0,0.0,0.0
1802,0.0,0.0,0.0,0.0
1803,0.0,0.0,0.0,0.0
1804,0.0,0.0,0.0,0.0
1805,0.0,0.0,0.0,0.0
1806,0.0,0.0,0.0,0.0
1807,0.0,0.0,0.0,0.0
1808,0.0,0.0,0.0,0.0
1809,0.0,0.0,0.0,0.0
1810,0.0,0.0,0.0,0.0
1811,0.0,0.0,0.0,0.0
1812,0.0,0.0,0.0,0.0
1813,0.0,0.0,0.0,0.0
1814,0.0,0.0,0.0,0.0
1815,0.0,0.0,0.0,0.0
1816,0.0,0.0,0.0,0.0
1817,0.0,0.0,0.0,0.0
1818,0.0,0.0,0.0,0.0
1819,0.0,0.0,0.0,0.0
1820,0.0,0.0,0.0,0.0
1821,0.0,0.0,0.0,0.0
1822,0.0,0.0,0.0,0.0
1823,0.0,0.0,0.0,0.0
1824,0.0,0.0,0.0,0.0
1825,0.0,0.0,0.0,0.0
1826,0.0,0.0,0.0,0.0
1827,0.0,0.0,0.0,0.0
1828,0.0,0.0,0.0,0.0
1829,0.0,0.0,0.0,0.0
1830,0.0,0.0,0.0,0.0
1831,0.0,0.0,0.0,0.0
1832,0.0,0.0,0.0,0.0
1833,0.0,0.0,0.0,0.0
1834,0.0,0.0,0.0,0.0
1835,0.0,0.0,0.0,0.0
1836,0.0,0.0,0.0,0.0
1837,0.0,0.0,0.0,0.0
1838,0.0,0.0,0.0,0.0
1839,0.0,0.0,0.0,0.0
1840,0.0,0.0,0.0,0.0
1841,0.0,0.0,0.0,0.0
1842,0.0,0.0,0.0,0.0
1843,0.0,0.0,0.0,0.0
1844,0.0,0.0,0.0,0.0
1845,0.0,0.0,0.0,0.0
1846,0.0,0.0,0.0,0.0
1847,0.0,0.0,0.0,0.0
1848,0.0,0.0,0.0,0.0
1849,0.0,0.0,0.0,0.0
1850,0.0,0.0,0.0,0.0
1851,0.0,0.0,0.0,0.0
1852,0.0,0.0,0.0,0.0
1853,0.0,0.0,0.0,0.0
1854,0.0,0.0,0.0,0.0
1855,0.0,0.0,0.0,0.0
1856,0.0,0.0,0.0,0.0
1857,0.0,0.0,0.0,0.0
1858,0.0,0.0,0.0,0.0
1859,0.0,0.0,0.0,0.0
1860,0.0,0.0,0.0,0.0
1861,0.0,0.0,0.0,0.0
1862,0.0,0.0,0.0,0.0
1863,0.0,0.0,0.0,0.0
1864,0.0,0.0,0.0,0.0
1865,0.0,0.0,0.0,0.0
1866,0.0,0.0,0.0,0.0
1867,0.0,0.0,0.0,0.0
1868,0.0,0.0,0.0,0.0
1869,0.0,0.0,0.0,0.0
1870,0.0,0.0,0.0,0.0
1871,0.0,0.0,0.0,0.0
1872,0.0,0.0,0.0,0.0
1873,0.0,0.0,0.0,0.0
1874,0.0,0.0,0.0,0.0
1875,0.0,0.0,0.0,0.0
1876,0.0,0.0,0.0,0.0
1877,0.0,0.0,0.0,0.0
1878,0.0,0.0,0.0,0.0
1879,0.0,0.0,0.0,0.0
1880,0.0,0.0,0.0,0.0
1881,0.0,0.0,0.0,0.0
1882,0.0,0.0,0.0,0.0
1883,0.0,0.0,0.0,0.0
1884,0.0,0.0,0.0,0.0
1885,0.0,0.0,0.0,0.0
1886,0.0,0.0,0.0,0.0
1887,0.0,0.0,0.0,0.0
1888,0.0,0.0,0.0,0.0
1889,0.0,0.0,0.0,0.0
1890,0.0,0.0,0.0,0.0
1891,0.0,0.0,0.0,0.0
1892,0.0,0.0,0.0,0.0
1893,0.0,0.0,0.0,0.0
1894,0.0,0.0,0.0,0.0
1895,0.0,0.0,0.0,0.0
1896,0.0,0.0,0.0,0.0
1897,0.0,0.0,0.0,0.0
1898,0.0,0.0,0.0,0.0
1899,0.0,0.0,0.0,0.0
1900,0.0,0.0,0.0,0.0
1901,0.0,0.0,0.0,0.0
1902,0.0,0.0,0.0,0.0
1903,0.0,0.0,0.0,0.0
1904,0.0,0.0,0.0,0.0
1905,0.0,0.0,0.0,0.0
1906,0.0,0.0,0.0,0.0
1907,0.0,0.0,0.0,0.0
1908,0.0,0.0,0.0,0.0
1909,0.0,0.0,0.0,0.0
1910,0.0,0.0,0.0,0.0
1911,0.0,0.0,0.0,0.0
1912,0.0,0.0,0.0,0.0
1913,0.0,0.0,0.0,0.0
1914,0.0,0.0,0.0,0.0
1915,0.0,0.0,0.0,0.0
1916,0.0,0.0,0.0,0.0
1917,0.0,0.0,0.0,0.0
1918,0.0,0.0,0.0,0.0
1919,0.0,0.0,0.0,0.0
1920,0.0,0.0,0.0,0.0
1921,0.0,0.0,0.0,0.0
1922,0.0,0.0,0.0,0.0
1923,0.0,0.0,0.0,0.0
1924,0.0,0.0,0.0,0.0
1925,0.0,0.0,0.0,0.0
1926,0.0,0.0,0.0,0.0
1927,0.0,0.0,0.0,0.0
1928,0.0,0.0,0.0,0.0
1929,0.0,0.0,0.0,0.0
1930,0.0,0.0,0.0,0.0
1931,0.0,0.0,0.0,0.0
1932,0.0,0.0,0.0,0.0
1933,0.0,0.0,0.0,0.0
1934,0.0,0.0,0.0,0.0
1935,0.0,0.0,0.0,0.0
1936,0.0,0.0,0.0,0.0
1937,0.0,0.0,0.0,0.0
1938,0.0,0.0,0.0,0.0
1939,0.0,0.0,0.0,0.0
1940,0.0,0.0,0.0,0.0
1941,0.0,0.0,0.0,0.0
1942,0.0,0.0,0.0,0.0
1943,0.0,0.0,0.0,0.0
1944,0.0,0.0,0.0,0.0
1945,0.0,0.0,0.0,0.0
1946,0.0,0.0,0.0,0.0
1947,0.0,0.0,0.0,0.0
1948,0.0,0.0,0.0,0.0
1949,0.0,0.0,0.0,0.0
1950,0.0,0.0,0.0,0.0
1951,0.0,0.0,0.0,0.0
1952,0.0,0.0,0.0,0.0
1953,0.0,0.0,0.0,0.0
1954,0.0,0.0,0.0,0.0
1955,0.0,0.0,0.0,0.0
1956,0.0,0.0,0.0,0.0
1957,0.0,0.0,0.0,0.0
1958,0.0,0.0,0.0,0.0
1959,0.0,0.0,0.0,0.0
1960,0.0,0.0,0.0,0.0
1961,0.0,0.0,0.0,0.0
1962,0.0,0.0,0.0,0.0
1963,0.0,0.0,0.0,0.0
1964,0.0,0.0,0.0,0.0
1965,0.0,0.0,0.0,0.0
1966,0.0,0.0,0.0,0.0
1967,0.0,0.0,0.0,0.0
1968,0.0,0.0,0.0,0.0
1969,0.0,0.0,0.0,0.0
1970,0.0,0.0,0.0,0.0
1971,0.0,0.0,0.0,0.0
1972,0.0,0.0,0.0,0.0
1973,0.0,0.0,0.0,0.0
1974,0.0,0.0,0.0,0.0
1975,0.0,0.0,0.0,0.0
1976,0.0,0.0,0.0,0.0
1977,0.0,0.0,0.0,0.0
1978,0.0,0.0,0.0,0.0
1979,0.0,0.0,0.0,0.0
1980,0.0,0.0,0.0,0.0
1981,0.0,0.0,0.0,0.0
1982,0.0,0.0,0.0,0.0
1983,0.0,0.0,0.0,0.0
1984,0.0,0.0,0.0,0.0
1985,0.0,0.0,0.0,0.0
1986,0.0,0.0,0.0,0.0
1987,0.0,0.0,0.0,0.0
1988,0.0,0.0,0.0,0.0
1989,0.0,0.0,0.0,0.0
1990,0.0,0.0,0.0,0.0
1991,0.0,0.0,0.0,0.0
1992,0.0,0.0,0.0,0.0
1993,0.0,0.0,0.0,0.0
1994,0.0,0.0,0.0,0.0
1995,0.0,0.0,0.0,0.0
1996,0.0,0.0,0.0,0.0
1997,0.0,0.0,0.0,0.0
1998,0.0,0.0,0.0,0.0
1999,0.0,0.0,0.0,0.0
